	11.0	12.0	13.0	14.0	15.0	16.0	17.0	18.0	19.0	20.0	21.0	22.0	23.0	24.0	25.0	26.0	27.0	28.0	29.0	30.0	31.0	32.0	33.0	34.0	35.0	36.0	37.0	38.0	39.0
trimmed | H2AH4SerP_Endo_rep2	52.0	376.0	540.0	716.0	919.0	815.0	807.0	928.0	1283.0	2007.0	3539.0	6432.0	11009.0	17276.0	24886.0	35040.0	45365.0	55780.0	65758.0	75792.0	85306.0	95978.0	110990.0	134069.0	179056.0	279023.0	580820.0	2662970.0	225364.0
	11.0	12.0	13.0	14.0	15.0	16.0	17.0	18.0	19.0	20.0	21.0	22.0	23.0	24.0	25.0	26.0	27.0	28.0	29.0	30.0	31.0	32.0	33.0	34.0	35.0	36.0	37.0	38.0	39.0
trimmed | H2AH4SerP_Endo_rep3	18.0	164.0	210.0	259.0	305.0	304.0	354.0	392.0	653.0	1043.0	1838.0	3374.0	5805.0	9215.0	14205.0	20758.0	28849.0	38082.0	49900.0	64191.0	81698.0	104576.0	135830.0	181410.0	259270.0	411579.0	814020.0	4168493.0	356463.0
	11.0	12.0	13.0	14.0	15.0	16.0	17.0	18.0	19.0	20.0	21.0	22.0	23.0	24.0	25.0	26.0	27.0	28.0	29.0	30.0	31.0	32.0	33.0	34.0	35.0	36.0	37.0	38.0	39.0
trimmed | H2AH4SerP_Mesecto_rep2	26.0	148.0	240.0	292.0	365.0	325.0	342.0	342.0	479.0	737.0	1243.0	2082.0	3516.0	5604.0	8417.0	12015.0	16549.0	21688.0	27684.0	34632.0	43757.0	54290.0	69071.0	91667.0	129072.0	202567.0	396229.0	2062773.0	181536.0
	11.0	12.0	13.0	14.0	15.0	16.0	17.0	18.0	19.0	20.0	21.0	22.0	23.0	24.0	25.0	26.0	27.0	28.0	29.0	30.0	31.0	32.0	33.0	34.0	35.0	36.0	37.0	38.0	39.0
trimmed | H2AH4SerP_Mesecto_rep3	34.0	187.0	290.0	388.0	474.0	460.0	506.0	509.0	599.0	816.0	1118.0	1793.0	2711.0	3901.0	5546.0	7664.0	10103.0	12947.0	15920.0	19959.0	25067.0	31069.0	39112.0	51805.0	73197.0	117132.0	232819.0	922746.0	67546.0
	11.0	12.0	13.0	14.0	15.0	16.0	17.0	18.0	19.0	20.0	21.0	22.0	23.0	24.0	25.0	26.0	27.0	28.0	29.0	30.0	31.0	32.0	33.0	34.0	35.0	36.0	37.0	38.0	39.0
trimmed | H2AUb_Endo_rep2	375.0	1944.0	2274.0	2105.0	1891.0	1178.0	954.0	790.0	960.0	1236.0	2061.0	3420.0	5812.0	9357.0	14343.0	20840.0	29445.0	40230.0	53707.0	70287.0	92600.0	120943.0	160296.0	220867.0	324123.0	533152.0	1124400.0	4939580.0	236513.0
	11.0	12.0	13.0	14.0	15.0	16.0	17.0	18.0	19.0	20.0	21.0	22.0	23.0	24.0	25.0	26.0	27.0	28.0	29.0	30.0	31.0	32.0	33.0	34.0	35.0	36.0	37.0	38.0	39.0
trimmed | H2AUb_Endo_rep3	919.0	4419.0	5099.0	4722.0	4542.0	2853.0	2179.0	1876.0	2107.0	2885.0	4515.0	7440.0	11958.0	18870.0	27698.0	39071.0	51713.0	66894.0	83320.0	101608.0	123075.0	149835.0	184378.0	238485.0	337136.0	540404.0	1146537.0	4728247.0	214725.0
	11.0	12.0	13.0	14.0	15.0	16.0	17.0	18.0	19.0	20.0	21.0	22.0	23.0	24.0	25.0	26.0	27.0	28.0	29.0	30.0	31.0	32.0	33.0	34.0	35.0	36.0	37.0	38.0	39.0
trimmed | H2AUb_Mesecto_rep2	704.0	3600.0	3957.0	3576.0	3449.0	2175.0	1701.0	1582.0	1791.0	2651.0	4388.0	7750.0	12860.0	21032.0	32606.0	48100.0	69459.0	97471.0	134198.0	181805.0	246309.0	330856.0	450424.0	631151.0	938255.0	1551781.0	3261496.0	13943399.0	648789.0
	11.0	12.0	13.0	14.0	15.0	16.0	17.0	18.0	19.0	20.0	21.0	22.0	23.0	24.0	25.0	26.0	27.0	28.0	29.0	30.0	31.0	32.0	33.0	34.0	35.0	36.0	37.0	38.0	39.0
trimmed | H2AUb_Mesecto_rep3	4496.0	20699.0	23448.0	21820.0	21550.0	13151.0	9127.0	7347.0	6496.0	6666.0	7841.0	10195.0	14160.0	19742.0	27771.0	37384.0	48754.0	62282.0	78031.0	96188.0	117252.0	144341.0	181235.0	236547.0	335091.0	536617.0	1134968.0	4856930.0	224374.0
	11.0	12.0	13.0	14.0	15.0	16.0	17.0	18.0	19.0	20.0	21.0	22.0	23.0	24.0	25.0	26.0	27.0	28.0	29.0	30.0	31.0	32.0	33.0	34.0	35.0	36.0	37.0	38.0	39.0
trimmed | H2Ax3_Endo_rep2	1640.0	8039.0	9239.0	8239.0	7901.0	4885.0	3331.0	2663.0	2345.0	2394.0	2663.0	3430.0	4607.0	6473.0	8869.0	11960.0	15558.0	19972.0	24829.0	30251.0	37052.0	44914.0	55441.0	72112.0	100815.0	161366.0	339268.0	1385343.0	62259.0
	11.0	12.0	13.0	14.0	15.0	16.0	17.0	18.0	19.0	20.0	21.0	22.0	23.0	24.0	25.0	26.0	27.0	28.0	29.0	30.0	31.0	32.0	33.0	34.0	35.0	36.0	37.0	38.0	39.0
trimmed | H2Ax3_Endo_rep3	1988.0	9535.0	10702.0	9839.0	9381.0	5778.0	4139.0	3407.0	3428.0	4276.0	6164.0	9515.0	14926.0	22021.0	31618.0	42965.0	56149.0	70835.0	87881.0	108243.0	131416.0	161246.0	203021.0	265183.0	380673.0	624825.0	1302162.0	4643549.0	202677.0
	11.0	12.0	13.0	14.0	15.0	16.0	17.0	18.0	19.0	20.0	21.0	22.0	23.0	24.0	25.0	26.0	27.0	28.0	29.0	30.0	31.0	32.0	33.0	34.0	35.0	36.0	37.0	38.0	39.0
trimmed | H2Ax3_Mesecto_rep2	1566.0	7523.0	8519.0	7635.0	7142.0	4566.0	3292.0	2786.0	2786.0	3662.0	5470.0	8968.0	14663.0	22938.0	35047.0	50147.0	69623.0	94281.0	124018.0	161888.0	210427.0	272249.0	358515.0	489124.0	717319.0	1172248.0	2479381.0	11063451.0	539589.0
	11.0	12.0	13.0	14.0	15.0	16.0	17.0	18.0	19.0	20.0	21.0	22.0	23.0	24.0	25.0	26.0	27.0	28.0	29.0	30.0	31.0	32.0	33.0	34.0	35.0	36.0	37.0	38.0	39.0
trimmed | H2Ax3_Mesecto_rep3	9047.0	42649.0	47845.0	43303.0	41256.0	25587.0	18375.0	14718.0	13644.0	14103.0	15841.0	19713.0	25776.0	33612.0	42719.0	52840.0	62889.0	72774.0	81449.0	89084.0	95871.0	103045.0	112485.0	127710.0	161761.0	240211.0	461497.0	1120779.0	35518.0
	21.0	22.0	23.0	24.0	25.0	26.0	27.0	28.0	29.0	30.0	31.0	32.0	33.0	34.0	35.0	36.0	37.0	38.0	39.0
trimmed | H3K27ac_Endo_rep1	2.0	27.0	626.0	4099.0	11690.0	21258.0	35717.0	54390.0	78210.0	105773.0	138818.0	177350.0	224184.0	288159.0	384219.0	566662.0	981947.0	2265338.0	12151015.0
	11.0	12.0	13.0	14.0	15.0	16.0	17.0	18.0	19.0	20.0	21.0	22.0	23.0	24.0	25.0	26.0	27.0	28.0	29.0	30.0	31.0	32.0	33.0	34.0	35.0	36.0	37.0	38.0	39.0
trimmed | H3K27ac_Endo_rep2	413.0	2010.0	2196.0	2093.0	1888.0	1253.0	1080.0	1014.0	1403.0	2336.0	4297.0	7641.0	13542.0	22588.0	35408.0	53184.0	77348.0	108159.0	149088.0	204118.0	277110.0	376463.0	517077.0	734147.0	1117125.0	1927484.0	4258331.0	18380888.0	920368.0
	11.0	12.0	13.0	14.0	15.0	16.0	17.0	18.0	19.0	20.0	21.0	22.0	23.0	24.0	25.0	26.0	27.0	28.0	29.0	30.0	31.0	32.0	33.0	34.0	35.0	36.0	37.0	38.0	39.0
trimmed | H3K27ac_Endo_rep3	325.0	1628.0	1876.0	1722.0	1582.0	1193.0	1035.0	1034.0	1502.0	2462.0	4575.0	8236.0	13886.0	22034.0	33260.0	46764.0	62306.0	80835.0	101712.0	125419.0	154671.0	190762.0	240617.0	318707.0	464351.0	786334.0	1747227.0	6636753.0	313590.0
	20.0	21.0	22.0	23.0	24.0	25.0	26.0	27.0	28.0	29.0	30.0	31.0	32.0	33.0	34.0	35.0	36.0	37.0	38.0	39.0	40.0
trimmed | H3K27ac_Mesecto_rep1	1.0	69.0	799.0	2952.0	5813.0	9456.0	15120.0	23340.0	35468.0	51991.0	72245.0	96669.0	125209.0	159569.0	201683.0	260191.0	364547.0	518724.0	867363.0	2182765.0	19671748.0
	11.0	12.0	13.0	14.0	15.0	16.0	17.0	18.0	19.0	20.0	21.0	22.0	23.0	24.0	25.0	26.0	27.0	28.0	29.0	30.0	31.0	32.0	33.0	34.0	35.0	36.0	37.0	38.0	39.0
trimmed | H3K27ac_Mesecto_rep2	300.0	1616.0	1925.0	1812.0	1752.0	1176.0	1044.0	1037.0	1321.0	2069.0	3494.0	6409.0	11110.0	18233.0	28529.0	42228.0	59351.0	81265.0	109154.0	143985.0	189778.0	250554.0	333044.0	463755.0	696162.0	1182778.0	2667283.0	11995168.0	602585.0
	11.0	12.0	13.0	14.0	15.0	16.0	17.0	18.0	19.0	20.0	21.0	22.0	23.0	24.0	25.0	26.0	27.0	28.0	29.0	30.0	31.0	32.0	33.0	34.0	35.0	36.0	37.0	38.0	39.0
trimmed | H3K27ac_Mesecto_rep3	14537.0	68901.0	77903.0	71732.0	68724.0	43798.0	32010.0	26606.0	24342.0	24304.0	26360.0	31451.0	38371.0	48287.0	59395.0	71694.0	84531.0	96719.0	109247.0	121647.0	134722.0	150501.0	172774.0	209399.0	283164.0	454919.0	874010.0	1592724.0	43108.0
	21.0	22.0	23.0	24.0	25.0	26.0	27.0	28.0	29.0	30.0	31.0	32.0	33.0	34.0	35.0	36.0	37.0	38.0	39.0
trimmed | H3K27me3_Endo_rep1	1.0	98.0	1138.0	6273.0	15790.0	27512.0	43269.0	62386.0	86356.0	113036.0	143813.0	179618.0	224187.0	282519.0	375730.0	553195.0	969572.0	2232564.0	11041626.0
	11.0	12.0	13.0	14.0	15.0	16.0	17.0	18.0	19.0	20.0	21.0	22.0	23.0	24.0	25.0	26.0	27.0	28.0	29.0	30.0	31.0	32.0	33.0	34.0	35.0	36.0	37.0	38.0	39.0
trimmed | H3K27me3_Endo_rep2	18.0	142.0	205.0	274.0	346.0	358.0	375.0	413.0	552.0	776.0	1278.0	2232.0	3525.0	5699.0	8575.0	12483.0	17566.0	23788.0	31999.0	41479.0	54259.0	71295.0	93483.0	127311.0	181887.0	289264.0	573695.0	2726316.0	221680.0
	11.0	12.0	13.0	14.0	15.0	16.0	17.0	18.0	19.0	20.0	21.0	22.0	23.0	24.0	25.0	26.0	27.0	28.0	29.0	30.0	31.0	32.0	33.0	34.0	35.0	36.0	37.0	38.0	39.0
trimmed | H3K27me3_Endo_rep3	77.0	512.0	831.0	1057.0	1194.0	1214.0	1320.0	1439.0	1833.0	2361.0	3507.0	5232.0	7897.0	11686.0	16284.0	21825.0	28655.0	35504.0	42845.0	50701.0	60082.0	70308.0	84568.0	105805.0	143665.0	226606.0	472825.0	1938551.0	161028.0
	20.0	21.0	22.0	23.0	24.0	25.0	26.0	27.0	28.0	29.0	30.0	31.0	32.0	33.0	34.0	35.0	36.0	37.0	38.0	39.0	40.0
trimmed | H3K27me3_Mesecto_rep1	1.0	43.0	449.0	1975.0	4190.0	7255.0	11905.0	19858.0	31193.0	46011.0	65257.0	89791.0	119744.0	155451.0	199625.0	259916.0	343049.0	479244.0	760476.0	2072208.0	16401087.0
	11.0	12.0	13.0	14.0	15.0	16.0	17.0	18.0	19.0	20.0	21.0	22.0	23.0	24.0	25.0	26.0	27.0	28.0	29.0	30.0	31.0	32.0	33.0	34.0	35.0	36.0	37.0	38.0	39.0
trimmed | H3K27me3_Mesecto_rep2	33.0	164.0	262.0	383.0	428.0	455.0	483.0	605.0	823.0	1243.0	2229.0	3994.0	7026.0	11410.0	17524.0	25516.0	36143.0	49246.0	64895.0	85310.0	110264.0	143798.0	188112.0	253167.0	363200.0	577277.0	1134987.0	6004904.0	521181.0
	11.0	12.0	13.0	14.0	15.0	16.0	17.0	18.0	19.0	20.0	21.0	22.0	23.0	24.0	25.0	26.0	27.0	28.0	29.0	30.0	31.0	32.0	33.0	34.0	35.0	36.0	37.0	38.0	39.0
trimmed | H3K27me3_Mesecto_rep3	229.0	1375.0	2411.0	3063.0	3800.0	3826.0	3946.0	4342.0	4756.0	5891.0	7548.0	10411.0	14396.0	19202.0	25162.0	31822.0	38659.0	45565.0	53237.0	60304.0	69409.0	79071.0	92435.0	113842.0	152176.0	244622.0	515064.0	1336021.0	79113.0
	21.0	22.0	23.0	24.0	25.0	26.0	27.0	28.0	29.0	30.0	31.0	32.0	33.0	34.0	35.0	36.0	37.0	38.0	39.0
trimmed | H3K36me3_Endo_rep1	1.0	115.0	1205.0	5890.0	14606.0	25170.0	38800.0	56328.0	76913.0	100537.0	126051.0	156787.0	192956.0	243145.0	322188.0	472591.0	823778.0	1887465.0	9074754.0
	11.0	12.0	13.0	14.0	15.0	16.0	17.0	18.0	19.0	20.0	21.0	22.0	23.0	24.0	25.0	26.0	27.0	28.0	29.0	30.0	31.0	32.0	33.0	34.0	35.0	36.0	37.0	38.0	39.0
trimmed | H3K36me3_Endo_rep2	72.0	460.0	720.0	904.0	1172.0	1232.0	1212.0	1315.0	1564.0	2197.0	3100.0	4698.0	7556.0	11871.0	18045.0	26892.0	38911.0	55234.0	77493.0	106646.0	145646.0	197172.0	268876.0	374542.0	545185.0	868209.0	1667214.0	8811537.0	757637.0
	11.0	12.0	13.0	14.0	15.0	16.0	17.0	18.0	19.0	20.0	21.0	22.0	23.0	24.0	25.0	26.0	27.0	28.0	29.0	30.0	31.0	32.0	33.0	34.0	35.0	36.0	37.0	38.0	39.0
trimmed | H3K36me3_Endo_rep3	122.0	739.0	1210.0	1597.0	1924.0	2012.0	2011.0	2216.0	2767.0	3460.0	4925.0	7460.0	10408.0	14712.0	19607.0	25115.0	30533.0	36509.0	42519.0	48980.0	54970.0	62771.0	73369.0	90897.0	121384.0	192770.0	392359.0	1169625.0	72181.0
	21.0	22.0	23.0	24.0	25.0	26.0	27.0	28.0	29.0	30.0	31.0	32.0	33.0	34.0	35.0	36.0	37.0	38.0	39.0	40.0
trimmed | H3K36me3_Mesecto_rep1	93.0	1095.0	4369.0	8621.0	13259.0	20377.0	30370.0	45042.0	64910.0	89585.0	122084.0	158869.0	204580.0	260273.0	333724.0	442307.0	617093.0	976096.0	2661699.0	20011963.0
	11.0	12.0	13.0	14.0	15.0	16.0	17.0	18.0	19.0	20.0	21.0	22.0	23.0	24.0	25.0	26.0	27.0	28.0	29.0	30.0	31.0	32.0	33.0	34.0	35.0	36.0	37.0	38.0	39.0
trimmed | H3K36me3_Mesecto_rep2	216.0	1171.0	1860.0	2370.0	2970.0	2871.0	2903.0	3083.0	3212.0	3626.0	4241.0	5203.0	6552.0	8563.0	10795.0	13925.0	17372.0	21333.0	25911.0	31140.0	37883.0	46064.0	57613.0	73331.0	100692.0	152954.0	287249.0	1144745.0	86856.0
	11.0	12.0	13.0	14.0	15.0	16.0	17.0	18.0	19.0	20.0	21.0	22.0	23.0	24.0	25.0	26.0	27.0	28.0	29.0	30.0	31.0	32.0	33.0	34.0	35.0	36.0	37.0	38.0	39.0
trimmed | H3K36me3_Mesecto_rep3	55.0	325.0	503.0	621.0	729.0	765.0	804.0	1044.0	1500.0	2489.0	4334.0	7651.0	13078.0	20372.0	31165.0	45506.0	63040.0	86154.0	114900.0	152646.0	200937.0	264241.0	351002.0	478770.0	689475.0	1101543.0	2139868.0	10273171.0	813381.0
	21.0	22.0	23.0	24.0	25.0	26.0	27.0	28.0	29.0	30.0	31.0	32.0	33.0	34.0	35.0	36.0	37.0	38.0	39.0	40.0
trimmed | H3K4me1_Endo_rep1	35.0	461.0	1866.0	4051.0	6902.0	11501.0	18769.0	29256.0	42915.0	60324.0	80883.0	104147.0	132546.0	168005.0	216993.0	302758.0	432738.0	717788.0	1792241.0	15470442.0
	20.0	21.0	22.0	23.0	24.0	25.0	26.0	27.0	28.0	29.0	30.0	31.0	32.0	33.0	34.0	35.0	36.0	37.0	38.0	39.0	40.0
trimmed | H3K4me1_Mesecto_rep1	3.0	313.0	4818.0	18543.0	32360.0	41431.0	49003.0	57962.0	68622.0	80590.0	95471.0	112407.0	132857.0	157628.0	187742.0	230566.0	303223.0	412065.0	646282.0	1532671.0	10424659.0
	21.0	22.0	23.0	24.0	25.0	26.0	27.0	28.0	29.0	30.0	31.0	32.0	33.0	34.0	35.0	36.0	37.0	38.0	39.0	40.0
trimmed | H3K4me2_Endo_rep1	33.0	355.0	1601.0	3475.0	6229.0	10570.0	17494.0	27074.0	39642.0	55598.0	74109.0	95472.0	121953.0	154529.0	200470.0	282405.0	400957.0	660843.0	1605373.0	13121930.0
	20.0	21.0	22.0	23.0	24.0	25.0	26.0	27.0	28.0	29.0	30.0	31.0	32.0	33.0	34.0	35.0	36.0	37.0	38.0	39.0	40.0
trimmed | H3K4me2_Mesecto_rep1	2.0	67.0	820.0	3409.0	6910.0	11502.0	18923.0	30117.0	45760.0	67320.0	94115.0	126084.0	162573.0	206182.0	261705.0	340842.0	477085.0	679321.0	1127269.0	2829799.0	23898260.0
	21.0	22.0	23.0	24.0	25.0	26.0	27.0	28.0	29.0	30.0	31.0	32.0	33.0	34.0	35.0	36.0	37.0	38.0	39.0	40.0
trimmed | H3K4me3_Endo_rep1	44.0	464.0	1778.0	3862.0	7309.0	12548.0	21064.0	32873.0	48606.0	68066.0	91189.0	117801.0	149207.0	188453.0	243098.0	340375.0	484937.0	799506.0	1986585.0	16405003.0
	11.0	12.0	13.0	14.0	15.0	16.0	17.0	18.0	19.0	20.0	21.0	22.0	23.0	24.0	25.0	26.0	27.0	28.0	29.0	30.0	31.0	32.0	33.0	34.0	35.0	36.0	37.0	38.0	39.0
trimmed | H3K4me3_Endo_rep2	315.0	1686.0	1879.0	1813.0	1591.0	1046.0	755.0	748.0	841.0	1355.0	2042.0	3571.0	5819.0	9053.0	12815.0	17657.0	23098.0	28350.0	34880.0	41580.0	48096.0	56391.0	67702.0	85168.0	117856.0	188858.0	392305.0	1228467.0	47342.0
	11.0	12.0	13.0	14.0	15.0	16.0	17.0	18.0	19.0	20.0	21.0	22.0	23.0	24.0	25.0	26.0	27.0	28.0	29.0	30.0	31.0	32.0	33.0	34.0	35.0	36.0	37.0	38.0	39.0
trimmed | H3K4me3_Endo_rep3	282.0	1637.0	1871.0	1633.0	1561.0	1054.0	952.0	1168.0	1834.0	3155.0	5848.0	10412.0	17318.0	26860.0	38673.0	52288.0	67673.0	84197.0	100844.0	118812.0	139567.0	162717.0	196706.0	249285.0	351160.0	578990.0	1196105.0	3488309.0	133911.0
	20.0	21.0	22.0	23.0	24.0	25.0	26.0	27.0	28.0	29.0	30.0	31.0	32.0	33.0	34.0	35.0	36.0	37.0	38.0	39.0	40.0
trimmed | H3K4me3_Mesecto_rep1	3.0	220.0	3020.0	11648.0	20507.0	27257.0	34655.0	43766.0	55083.0	69552.0	87831.0	108465.0	132348.0	161004.0	197048.0	246429.0	332744.0	460794.0	737427.0	1792127.0	13099706.0
	11.0	12.0	13.0	14.0	15.0	16.0	17.0	18.0	19.0	20.0	21.0	22.0	23.0	24.0	25.0	26.0	27.0	28.0	29.0	30.0	31.0	32.0	33.0	34.0	35.0	36.0	37.0	38.0	39.0
trimmed | H3K4me3_Mesecto_rep2	5958.0	28421.0	32466.0	29513.0	27727.0	17336.0	12345.0	10480.0	10142.0	11332.0	14649.0	20609.0	29881.0	42474.0	59782.0	79334.0	102649.0	128801.0	154875.0	184212.0	215695.0	254921.0	307923.0	390004.0	546391.0	882709.0	1842511.0	6150414.0	251646.0
	11.0	12.0	13.0	14.0	15.0	16.0	17.0	18.0	19.0	20.0	21.0	22.0	23.0	24.0	25.0	26.0	27.0	28.0	29.0	30.0	31.0	32.0	33.0	34.0	35.0	36.0	37.0	38.0	39.0
trimmed | H3K4me3_Mesecto_rep3	1603.0	7808.0	9228.0	8264.0	7785.0	5121.0	4096.0	4219.0	5554.0	8988.0	15795.0	27344.0	44259.0	67672.0	96131.0	127577.0	160101.0	193130.0	221840.0	248033.0	268644.0	288485.0	315040.0	361074.0	467939.0	720177.0	1429377.0	3341009.0	101016.0
	21.0	22.0	23.0	24.0	25.0	26.0	27.0	28.0	29.0	30.0	31.0	32.0	33.0	34.0	35.0	36.0	37.0	38.0	39.0
trimmed | H3K79me3_Endo_rep1	1.0	80.0	897.0	5370.0	13398.0	23008.0	34904.0	50406.0	68129.0	87436.0	108560.0	132840.0	162509.0	204590.0	270339.0	398929.0	709034.0	1622616.0	7270625.0
	20.0	21.0	22.0	23.0	24.0	25.0	26.0	27.0	28.0	29.0	30.0	31.0	32.0	33.0	34.0	35.0	36.0	37.0	38.0	39.0	40.0
trimmed | H3K79me3_Mesecto_rep1	1.0	61.0	878.0	3578.0	7051.0	11124.0	17049.0	26232.0	39266.0	56434.0	77538.0	102938.0	133109.0	168033.0	211059.0	271639.0	382583.0	542269.0	902514.0	2223536.0	19643097.0
	21.0	22.0	23.0	24.0	25.0	26.0	27.0	28.0	29.0	30.0	31.0	32.0	33.0	34.0	35.0	36.0	37.0	38.0	39.0	40.0
trimmed | H3K9me3_Endo_rep1	56.0	583.0	2225.0	4913.0	8169.0	13368.0	21185.0	32512.0	47185.0	67011.0	91004.0	119669.0	153267.0	196011.0	248597.0	327781.0	457378.0	727956.0	2002479.0	13181262.0
	11.0	12.0	13.0	14.0	15.0	16.0	17.0	18.0	19.0	20.0	21.0	22.0	23.0	24.0	25.0	26.0	27.0	28.0	29.0	30.0	31.0	32.0	33.0	34.0	35.0	36.0	37.0	38.0	39.0
trimmed | H3K9me3_Endo_rep2	628.0	3115.0	3670.0	3313.0	3032.0	2199.0	1841.0	1922.0	2369.0	3741.0	6454.0	11111.0	18656.0	29422.0	44778.0	64593.0	89711.0	121173.0	161517.0	214040.0	280445.0	370427.0	495288.0	689159.0	1033067.0	1755484.0	3885089.0	16262414.0	765078.0
	11.0	12.0	13.0	14.0	15.0	16.0	17.0	18.0	19.0	20.0	21.0	22.0	23.0	24.0	25.0	26.0	27.0	28.0	29.0	30.0	31.0	32.0	33.0	34.0	35.0	36.0	37.0	38.0	39.0
trimmed | H3K9me3_Endo_rep3	13632.0	65328.0	75165.0	71042.0	68389.0	44846.0	33130.0	27394.0	25197.0	24304.0	24834.0	27226.0	31155.0	36892.0	42460.0	49192.0	56039.0	62912.0	69595.0	75808.0	81791.0	87767.0	96992.0	110574.0	139640.0	205261.0	392735.0	884873.0	28506.0
	20.0	21.0	22.0	23.0	24.0	25.0	26.0	27.0	28.0	29.0	30.0	31.0	32.0	33.0	34.0	35.0	36.0	37.0	38.0	39.0	40.0
trimmed | H3K9me3_Mesecto_rep1	1.0	141.0	1530.0	5595.0	9900.0	13759.0	18155.0	24130.0	31701.0	40915.0	52729.0	66730.0	83434.0	103619.0	129160.0	164288.0	216652.0	309490.0	494452.0	1177668.0	10882290.0
	11.0	12.0	13.0	14.0	15.0	16.0	17.0	18.0	19.0	20.0	21.0	22.0	23.0	24.0	25.0	26.0	27.0	28.0	29.0	30.0	31.0	32.0	33.0	34.0	35.0	36.0	37.0	38.0	39.0
trimmed | H3K9me3_Mesecto_rep2	1324.0	6223.0	7177.0	6631.0	5760.0	4193.0	3350.0	3272.0	3863.0	5373.0	8725.0	14294.0	23262.0	35204.0	52016.0	72921.0	99023.0	131809.0	171979.0	223323.0	287838.0	375342.0	495711.0	686132.0	1024808.0	1730465.0	3831704.0	15487693.0	707297.0
	11.0	12.0	13.0	14.0	15.0	16.0	17.0	18.0	19.0	20.0	21.0	22.0	23.0	24.0	25.0	26.0	27.0	28.0	29.0	30.0	31.0	32.0	33.0	34.0	35.0	36.0	37.0	38.0	39.0
trimmed | H3K9me3_Mesecto_rep3	34967.0	166104.0	185821.0	169936.0	160877.0	102533.0	73749.0	61366.0	55285.0	52604.0	53485.0	57207.0	62557.0	69104.0	76722.0	83522.0	90510.0	97476.0	103466.0	110292.0	116637.0	126413.0	137986.0	156285.0	188499.0	255618.0	399254.0	658472.0	16714.0
	21.0	22.0	23.0	24.0	25.0	26.0	27.0	28.0	29.0	30.0	31.0	32.0	33.0	34.0	35.0	36.0	37.0	38.0	39.0
trimmed | Input_Endo_rep1	17.0	356.0	2497.0	8713.0	18733.0	30450.0	46571.0	68340.0	95016.0	126842.0	164062.0	206792.0	260418.0	331124.0	444352.0	651046.0	1128822.0	2584030.0	13641842.0
	11.0	12.0	13.0	14.0	15.0	16.0	17.0	18.0	19.0	20.0	21.0	22.0	23.0	24.0	25.0	26.0	27.0	28.0	29.0	30.0	31.0	32.0	33.0	34.0	35.0	36.0	37.0	38.0	39.0
trimmed | Input_Endo_rep2	523.0	2612.0	3004.0	2782.0	2727.0	1786.0	1397.0	1404.0	1530.0	2168.0	3477.0	6232.0	10530.0	17371.0	27316.0	40364.0	58415.0	82660.0	113408.0	154040.0	207825.0	280079.0	383070.0	537520.0	809370.0	1367844.0	3041754.0	13169745.0	604622.0
	11.0	12.0	13.0	14.0	15.0	16.0	17.0	18.0	19.0	20.0	21.0	22.0	23.0	24.0	25.0	26.0	27.0	28.0	29.0	30.0	31.0	32.0	33.0	34.0	35.0	36.0	37.0	38.0	39.0
trimmed | Input_Endo_rep3	3048.0	14750.0	16662.0	15613.0	14877.0	9882.0	7107.0	6047.0	5510.0	5913.0	7043.0	9143.0	13541.0	20577.0	30207.0	44165.0	63176.0	88028.0	121782.0	166388.0	225218.0	305963.0	419087.0	590189.0	892806.0	1510979.0	3374560.0	16034418.0	836042.0
	21.0	22.0	23.0	24.0	25.0	26.0	27.0	28.0	29.0	30.0	31.0	32.0	33.0	34.0	35.0	36.0	37.0	38.0	39.0
trimmed | Input_Mesecto_rep1	1.0	65.0	958.0	5918.0	16078.0	30133.0	49724.0	76714.0	110516.0	150220.0	198044.0	253743.0	322004.0	413914.0	556049.0	816002.0	1415874.0	3268289.0	17506572.0
	11.0	12.0	13.0	14.0	15.0	16.0	17.0	18.0	19.0	20.0	21.0	22.0	23.0	24.0	25.0	26.0	27.0	28.0	29.0	30.0	31.0	32.0	33.0	34.0	35.0	36.0	37.0	38.0	39.0
trimmed | Input_Mesecto_rep2	41537.0	193114.0	217145.0	200818.0	199670.0	124169.0	86984.0	70424.0	61684.0	56869.0	55079.0	55342.0	57030.0	60336.0	64156.0	69557.0	76787.0	83850.0	94418.0	108306.0	123836.0	144093.0	171128.0	209207.0	271676.0	391310.0	729648.0	2771521.0	132202.0
	11.0	12.0	13.0	14.0	15.0	16.0	17.0	18.0	19.0	20.0	21.0	22.0	23.0	24.0	25.0	26.0	27.0	28.0	29.0	30.0	31.0	32.0	33.0	34.0	35.0	36.0	37.0	38.0	39.0
trimmed | Input_Mesecto_rep3	30673.0	144366.0	167047.0	156467.0	156325.0	100887.0	72204.0	59202.0	52017.0	48281.0	46914.0	47093.0	48228.0	50326.0	54116.0	58783.0	63692.0	70134.0	76288.0	83269.0	91962.0	102895.0	115858.0	134678.0	167664.0	238347.0	462618.0	1669742.0	75947.0
	2.0	3.0	4.0	5.0	6.0	7.0	8.0	9.0	10.0	11.0	12.0	13.0	14.0	15.0	16.0	17.0	18.0	19.0	20.0	21.0	22.0	23.0	24.0	25.0	26.0	27.0	28.0	29.0	30.0	31.0	32.0	33.0	34.0	35.0	36.0	37.0	38.0	39.0
untrimmed | H2AH4SerP_Endo_rep2	1578310.0	0.0	0.0	0.0	0.0	50.0	329.0	768.0	1064.0	1125.0	1051.0	841.0	759.0	699.0	748.0	965.0	1287.0	2212.0	4016.0	7347.0	13257.0	22704.0	36986.0	56760.0	86015.0	126036.0	181392.0	258804.0	366841.0	515940.0	718253.0	1002816.0	1425383.0	2093245.0	3310881.0	6355630.0	31875330.0	2573799.0
	2.0	3.0	4.0	5.0	6.0	7.0	8.0	9.0	10.0	11.0	12.0	13.0	14.0	15.0	16.0	17.0	18.0	19.0	20.0	21.0	22.0	23.0	24.0	25.0	26.0	27.0	28.0	29.0	30.0	31.0	32.0	33.0	34.0	35.0	36.0	37.0	38.0	39.0
untrimmed | H2AH4SerP_Endo_rep3	42091.0	0.0	0.0	0.0	0.0	30.0	111.0	291.0	355.0	393.0	361.0	298.0	287.0	294.0	328.0	409.0	679.0	1094.0	1887.0	3435.0	5901.0	9656.0	15934.0	25005.0	38323.0	58274.0	84656.0	122817.0	176690.0	248539.0	349779.0	487413.0	692003.0	1027623.0	1662759.0	3220832.0	16717275.0	1441416.0
	2.0	3.0	4.0	5.0	6.0	7.0	8.0	9.0	10.0	11.0	12.0	13.0	14.0	15.0	16.0	17.0	18.0	19.0	20.0	21.0	22.0	23.0	24.0	25.0	26.0	27.0	28.0	29.0	30.0	31.0	32.0	33.0	34.0	35.0	36.0	37.0	38.0	39.0
untrimmed | H2AH4SerP_Mesecto_rep2	189634.0	0.0	0.0	0.0	1.0	27.0	136.0	321.0	447.0	487.0	427.0	325.0	316.0	278.0	303.0	378.0	500.0	803.0	1379.0	2386.0	4303.0	7378.0	12258.0	19330.0	29525.0	44430.0	65797.0	95978.0	136318.0	193521.0	270994.0	383249.0	547389.0	786910.0	1226609.0	2271079.0	11195606.0	986141.0
	2.0	3.0	4.0	5.0	6.0	7.0	8.0	9.0	10.0	11.0	12.0	13.0	14.0	15.0	16.0	17.0	18.0	19.0	20.0	21.0	22.0	23.0	24.0	25.0	26.0	27.0	28.0	29.0	30.0	31.0	32.0	33.0	34.0	35.0	36.0	37.0	38.0	39.0
untrimmed | H2AH4SerP_Mesecto_rep3	85725.0	0.0	0.0	0.0	0.0	35.0	136.0	345.0	507.0	534.0	573.0	443.0	442.0	389.0	417.0	501.0	614.0	791.0	1181.0	1844.0	3034.0	4777.0	7151.0	10764.0	15937.0	23080.0	33039.0	46677.0	66354.0	92361.0	128977.0	179575.0	258631.0	375587.0	589270.0	1109917.0	4556696.0	428362.0
	2.0	3.0	4.0	5.0	6.0	7.0	8.0	9.0	10.0	11.0	12.0	13.0	14.0	15.0	16.0	17.0	18.0	19.0	20.0	21.0	22.0	23.0	24.0	25.0	26.0	27.0	28.0	29.0	30.0	31.0	32.0	33.0	34.0	35.0	36.0	37.0	38.0	39.0
untrimmed | H2AUb_Endo_rep2	9226.0	0.0	0.0	0.0	7.0	778.0	3350.0	6907.0	7052.0	5178.0	2966.0	1670.0	1105.0	867.0	767.0	839.0	993.0	1429.0	2245.0	3703.0	6024.0	9734.0	14681.0	22210.0	32674.0	47441.0	67979.0	96173.0	134679.0	188278.0	261528.0	362299.0	516847.0	779140.0	1297915.0	2732239.0	12170971.0	595869.0
	2.0	3.0	4.0	5.0	6.0	7.0	8.0	9.0	10.0	11.0	12.0	13.0	14.0	15.0	16.0	17.0	18.0	19.0	20.0	21.0	22.0	23.0	24.0	25.0	26.0	27.0	28.0	29.0	30.0	31.0	32.0	33.0	34.0	35.0	36.0	37.0	38.0	39.0
untrimmed | H2AUb_Endo_rep3	24298.0	0.0	0.0	0.0	13.0	1740.0	7528.0	15206.0	15863.0	12033.0	7446.0	3842.0	2624.0	1943.0	1807.0	1845.0	2208.0	3219.0	5107.0	8488.0	13441.0	20804.0	32235.0	47711.0	69894.0	99758.0	143699.0	202935.0	282933.0	394171.0	543771.0	753652.0	1072407.0	1616892.0	2694147.0	5692659.0	24781472.0	1189218.0
	2.0	3.0	4.0	5.0	6.0	7.0	8.0	9.0	10.0	11.0	12.0	13.0	14.0	15.0	16.0	17.0	18.0	19.0	20.0	21.0	22.0	23.0	24.0	25.0	26.0	27.0	28.0	29.0	30.0	31.0	32.0	33.0	34.0	35.0	36.0	37.0	38.0	39.0
untrimmed | H2AUb_Mesecto_rep2	28048.0	0.0	0.0	0.0	15.0	1375.0	5910.0	12184.0	12559.0	8984.0	5369.0	2898.0	1920.0	1623.0	1527.0	1578.0	2076.0	3048.0	4771.0	8163.0	13129.0	20620.0	31074.0	46128.0	67274.0	96895.0	137667.0	195265.0	272141.0	378417.0	523129.0	728230.0	1036120.0	1561175.0	2598106.0	5453674.0	22981048.0	1069743.0
	2.0	3.0	4.0	5.0	6.0	7.0	8.0	9.0	10.0	11.0	12.0	13.0	14.0	15.0	16.0	17.0	18.0	19.0	20.0	21.0	22.0	23.0	24.0	25.0	26.0	27.0	28.0	29.0	30.0	31.0	32.0	33.0	34.0	35.0	36.0	37.0	38.0	39.0
untrimmed | H2AUb_Mesecto_rep3	196605.0	0.0	0.0	0.0	40.0	6940.0	32419.0	71090.0	76506.0	58578.0	35582.0	18136.0	11245.0	8571.0	7177.0	6399.0	6169.0	6614.0	7989.0	10589.0	15054.0	21361.0	30440.0	43221.0	60581.0	85439.0	119332.0	166467.0	231139.0	317815.0	435871.0	600296.0	849896.0	1274381.0	2109036.0	4476553.0	19825441.0	952219.0
	2.0	3.0	4.0	5.0	6.0	7.0	8.0	9.0	10.0	11.0	12.0	13.0	14.0	15.0	16.0	17.0	18.0	19.0	20.0	21.0	22.0	23.0	24.0	25.0	26.0	27.0	28.0	29.0	30.0	31.0	32.0	33.0	34.0	35.0	36.0	37.0	38.0	39.0
untrimmed | H2Ax3_Endo_rep2	7821.0	0.0	0.0	0.0	21.0	3042.0	13458.0	28495.0	30019.0	22010.0	13287.0	6735.0	4243.0	3134.0	2562.0	2330.0	2179.0	2338.0	2764.0	3523.0	4845.0	6765.0	9682.0	13709.0	19346.0	27097.0	38405.0	53322.0	74610.0	103019.0	142597.0	197858.0	280939.0	422258.0	702509.0	1489738.0	6964469.0	347160.0
	2.0	3.0	4.0	5.0	6.0	7.0	8.0	9.0	10.0	11.0	12.0	13.0	14.0	15.0	16.0	17.0	18.0	19.0	20.0	21.0	22.0	23.0	24.0	25.0	26.0	27.0	28.0	29.0	30.0	31.0	32.0	33.0	34.0	35.0	36.0	37.0	38.0	39.0
untrimmed | H2Ax3_Endo_rep3	48844.0	0.0	0.0	0.0	23.0	3972.0	17207.0	35552.0	36084.0	25978.0	15173.0	7982.0	5054.0	3923.0	3276.0	3096.0	3528.0	4672.0	7085.0	11025.0	17070.0	25817.0	37753.0	54410.0	76675.0	107197.0	149697.0	206778.0	280584.0	378198.0	512416.0	699222.0	982847.0	1480981.0	2516964.0	5303621.0	18629318.0	826401.0
	2.0	3.0	4.0	5.0	6.0	7.0	8.0	9.0	10.0	11.0	12.0	13.0	14.0	15.0	16.0	17.0	18.0	19.0	20.0	21.0	22.0	23.0	24.0	25.0	26.0	27.0	28.0	29.0	30.0	31.0	32.0	33.0	34.0	35.0	36.0	37.0	38.0	39.0
untrimmed | H2Ax3_Mesecto_rep2	24787.0	0.0	0.0	0.0	25.0	3066.0	13352.0	27208.0	27788.0	20243.0	11903.0	6050.0	4010.0	3089.0	2621.0	2623.0	2915.0	3959.0	6121.0	9553.0	15444.0	24453.0	36806.0	54520.0	79796.0	115520.0	165214.0	234441.0	329029.0	459326.0	635819.0	886641.0	1262769.0	1907972.0	3169104.0	6691484.0	29846232.0	1472267.0
	2.0	3.0	4.0	5.0	6.0	7.0	8.0	9.0	10.0	11.0	12.0	13.0	14.0	15.0	16.0	17.0	18.0	19.0	20.0	21.0	22.0	23.0	24.0	25.0	26.0	27.0	28.0	29.0	30.0	31.0	32.0	33.0	34.0	35.0	36.0	37.0	38.0	39.0
untrimmed | H2Ax3_Mesecto_rep3	128854.0	0.0	0.0	0.0	134.0	17568.0	75372.0	155466.0	158184.0	114361.0	66715.0	34676.0	22569.0	17283.0	14493.0	13337.0	12995.0	14150.0	16961.0	21754.0	28920.0	38745.0	52006.0	69385.0	90941.0	120849.0	159417.0	211484.0	279733.0	369357.0	491396.0	662707.0	920922.0	1381024.0	2334277.0	4862160.0	15060423.0	576096.0
	2.0	3.0	4.0	5.0	6.0	7.0	8.0	9.0	10.0	11.0	12.0	13.0	14.0	15.0	16.0	17.0	18.0	19.0	20.0	21.0	22.0	23.0	24.0	25.0	26.0	27.0	28.0	29.0	30.0	31.0	32.0	33.0	34.0	35.0	36.0	37.0	38.0	39.0
untrimmed | H3K27ac_Endo_rep1	2215.0	0.0	0.0	0.0	0.0	0.0	0.0	0.0	0.0	0.0	0.0	174.0	1268.0	1347.0	1071.0	691.0	504.0	478.0	506.0	830.0	1699.0	3713.0	8057.0	15615.0	27411.0	46103.0	69444.0	99987.0	136307.0	178844.0	229634.0	291333.0	374398.0	499917.0	733712.0	1264195.0	2913691.0	16072955.0
	2.0	3.0	4.0	5.0	6.0	7.0	8.0	9.0	10.0	11.0	12.0	13.0	14.0	15.0	16.0	17.0	18.0	19.0	20.0	21.0	22.0	23.0	24.0	25.0	26.0	27.0	28.0	29.0	30.0	31.0	32.0	33.0	34.0	35.0	36.0	37.0	38.0	39.0
untrimmed | H3K27ac_Endo_rep2	33661.0	0.0	0.0	0.0	12.0	1172.0	4478.0	7922.0	7489.0	5054.0	3068.0	1709.0	1200.0	902.0	931.0	1085.0	1500.0	2692.0	4746.0	8298.0	13653.0	22108.0	34624.0	51190.0	75682.0	108669.0	156337.0	220952.0	311165.0	434010.0	604099.0	846929.0	1221484.0	1876688.0	3237584.0	7102148.0	30401193.0	1505308.0
	2.0	3.0	4.0	5.0	6.0	7.0	8.0	9.0	10.0	11.0	12.0	13.0	14.0	15.0	16.0	17.0	18.0	19.0	20.0	21.0	22.0	23.0	24.0	25.0	26.0	27.0	28.0	29.0	30.0	31.0	32.0	33.0	34.0	35.0	36.0	37.0	38.0	39.0
untrimmed | H3K27ac_Endo_rep3	24018.0	0.0	0.0	0.0	5.0	966.0	3464.0	6151.0	5612.0	3884.0	2475.0	1441.0	1051.0	886.0	930.0	1175.0	1676.0	3020.0	5362.0	9264.0	15505.0	25191.0	37589.0	55995.0	81082.0	116442.0	164127.0	229615.0	320544.0	444415.0	616670.0	861876.0	1241388.0	1918639.0	3346087.0	7382640.0	30276327.0	1469699.0
	13.0	14.0	15.0	16.0	17.0	18.0	19.0	20.0	21.0	22.0	23.0	24.0	25.0	26.0	27.0	28.0	29.0	30.0	31.0	32.0	33.0	34.0	35.0	36.0	37.0	38.0	39.0	40.0
untrimmed | H3K27ac_Mesecto_rep1	1.0	0.0	3.0	20.0	65.0	259.0	580.0	1269.0	2166.0	3297.0	4871.0	7395.0	11727.0	19485.0	31102.0	48788.0	72962.0	103292.0	139530.0	182035.0	234012.0	297831.0	384262.0	533070.0	766635.0	1298932.0	3390053.0	32331816.0
	2.0	3.0	4.0	5.0	6.0	7.0	8.0	9.0	10.0	11.0	12.0	13.0	14.0	15.0	16.0	17.0	18.0	19.0	20.0	21.0	22.0	23.0	24.0	25.0	26.0	27.0	28.0	29.0	30.0	31.0	32.0	33.0	34.0	35.0	36.0	37.0	38.0	39.0
untrimmed | H3K27ac_Mesecto_rep2	9937.0	0.0	0.0	0.0	8.0	1136.0	3770.0	6600.0	6028.0	4182.0	2526.0	1494.0	1102.0	905.0	966.0	1021.0	1401.0	2325.0	4002.0	6774.0	11503.0	18767.0	28870.0	43910.0	64154.0	93044.0	133463.0	190723.0	268433.0	377610.0	529051.0	740970.0	1073517.0	1656296.0	2849703.0	6389010.0	30310276.0	1562201.0
	2.0	3.0	4.0	5.0	6.0	7.0	8.0	9.0	10.0	11.0	12.0	13.0	14.0	15.0	16.0	17.0	18.0	19.0	20.0	21.0	22.0	23.0	24.0	25.0	26.0	27.0	28.0	29.0	30.0	31.0	32.0	33.0	34.0	35.0	36.0	37.0	38.0	39.0
untrimmed | H3K27ac_Mesecto_rep3	233091.0	0.0	0.0	0.0	377.0	39752.0	148591.0	279756.0	263599.0	182113.0	106428.0	57234.0	38046.0	29373.0	25418.0	23139.0	22805.0	24029.0	27289.0	33078.0	41936.0	53618.0	68856.0	87825.0	111971.0	143470.0	182372.0	235015.0	301093.0	388064.0	505687.0	673779.0	940496.0	1434309.0	2541622.0	5350256.0	11424740.0	332742.0
	2.0	3.0	4.0	5.0	6.0	7.0	8.0	9.0	10.0	11.0	12.0	13.0	14.0	15.0	16.0	17.0	18.0	19.0	20.0	21.0	22.0	23.0	24.0	25.0	26.0	27.0	28.0	29.0	30.0	31.0	32.0	33.0	34.0	35.0	36.0	37.0	38.0	39.0
untrimmed | H3K27me3_Endo_rep1	8766.0	0.0	0.0	0.0	0.0	0.0	0.0	0.0	0.0	0.0	0.0	371.0	3120.0	3373.0	2826.0	1739.0	1326.0	1148.0	1343.0	1736.0	3424.0	6987.0	14283.0	26847.0	46730.0	76563.0	114771.0	163877.0	223002.0	293120.0	376167.0	479678.0	611571.0	816837.0	1192359.0	2040507.0	4669903.0	25038919.0
	2.0	3.0	4.0	5.0	6.0	7.0	8.0	9.0	10.0	11.0	12.0	13.0	14.0	15.0	16.0	17.0	18.0	19.0	20.0	21.0	22.0	23.0	24.0	25.0	26.0	27.0	28.0	29.0	30.0	31.0	32.0	33.0	34.0	35.0	36.0	37.0	38.0	39.0
untrimmed | H3K27me3_Endo_rep2	1175.0	0.0	0.0	0.0	0.0	30.0	105.0	312.0	396.0	409.0	371.0	340.0	301.0	292.0	340.0	395.0	555.0	792.0	1254.0	2137.0	3507.0	5549.0	9035.0	13981.0	21205.0	31929.0	46915.0	68025.0	97174.0	136751.0	192506.0	268014.0	380307.0	559365.0	899169.0	1760816.0	8798402.0	734811.0
	2.0	3.0	4.0	5.0	6.0	7.0	8.0	9.0	10.0	11.0	12.0	13.0	14.0	15.0	16.0	17.0	18.0	19.0	20.0	21.0	22.0	23.0	24.0	25.0	26.0	27.0	28.0	29.0	30.0	31.0	32.0	33.0	34.0	35.0	36.0	37.0	38.0	39.0
untrimmed | H3K27me3_Endo_rep3	17197.0	0.0	0.0	0.0	1.0	62.0	378.0	919.0	1280.0	1357.0	1363.0	1219.0	1055.0	1081.0	1220.0	1380.0	1742.0	2420.0	3563.0	5643.0	8603.0	13598.0	20716.0	30925.0	45796.0	67245.0	96688.0	138418.0	193761.0	270825.0	374279.0	517099.0	725285.0	1062497.0	1724255.0	3444635.0	15879748.0	1396215.0
	15.0	16.0	17.0	18.0	19.0	20.0	21.0	22.0	23.0	24.0	25.0	26.0	27.0	28.0	29.0	30.0	31.0	32.0	33.0	34.0	35.0	36.0	37.0	38.0	39.0	40.0
untrimmed | H3K27me3_Mesecto_rep1	3.0	18.0	45.0	152.0	346.0	690.0	1216.0	2024.0	3413.0	5632.0	9883.0	16780.0	29133.0	46739.0	71255.0	104005.0	145986.0	197038.0	261650.0	343358.0	456879.0	622572.0	900644.0	1487728.0	4186842.0	37022776.0
	2.0	3.0	4.0	5.0	6.0	7.0	8.0	9.0	10.0	11.0	12.0	13.0	14.0	15.0	16.0	17.0	18.0	19.0	20.0	21.0	22.0	23.0	24.0	25.0	26.0	27.0	28.0	29.0	30.0	31.0	32.0	33.0	34.0	35.0	36.0	37.0	38.0	39.0
untrimmed | H3K27me3_Mesecto_rep2	15241.0	0.0	0.0	0.0	0.0	24.0	124.0	308.0	451.0	513.0	455.0	419.0	394.0	421.0	456.0	564.0	801.0	1324.0	2157.0	3953.0	6787.0	11333.0	18544.0	29612.0	44819.0	68681.0	101976.0	148675.0	213733.0	303829.0	428127.0	598630.0	849464.0	1256669.0	2021294.0	3888289.0	21501893.0	1908401.0
	2.0	3.0	4.0	5.0	6.0	7.0	8.0	9.0	10.0	11.0	12.0	13.0	14.0	15.0	16.0	17.0	18.0	19.0	20.0	21.0	22.0	23.0	24.0	25.0	26.0	27.0	28.0	29.0	30.0	31.0	32.0	33.0	34.0	35.0	36.0	37.0	38.0	39.0
untrimmed | H3K27me3_Mesecto_rep3	71373.0	0.0	0.0	0.0	0.0	190.0	958.0	2625.0	3744.0	4435.0	4240.0	3816.0	3401.0	3413.0	3525.0	3736.0	4543.0	5864.0	7827.0	11045.0	15758.0	22792.0	32135.0	44722.0	61433.0	84504.0	114663.0	155399.0	206630.0	277043.0	366120.0	488748.0	667772.0	962285.0	1612797.0	3452799.0	10157328.0	661722.0
	2.0	3.0	4.0	5.0	6.0	7.0	8.0	9.0	10.0	11.0	12.0	13.0	14.0	15.0	16.0	17.0	18.0	19.0	20.0	21.0	22.0	23.0	24.0	25.0	26.0	27.0	28.0	29.0	30.0	31.0	32.0	33.0	34.0	35.0	36.0	37.0	38.0	39.0
untrimmed | H3K36me3_Endo_rep1	9704.0	0.0	0.0	0.0	0.0	0.0	0.0	0.0	0.0	0.0	0.0	227.0	1895.0	2216.0	1986.0	1421.0	1205.0	1227.0	1417.0	1894.0	3348.0	6921.0	13232.0	24409.0	42317.0	67059.0	101120.0	143362.0	195003.0	254105.0	326982.0	412447.0	527797.0	703734.0	1024637.0	1749377.0	3980491.0	20741038.0
	2.0	3.0	4.0	5.0	6.0	7.0	8.0	9.0	10.0	11.0	12.0	13.0	14.0	15.0	16.0	17.0	18.0	19.0	20.0	21.0	22.0	23.0	24.0	25.0	26.0	27.0	28.0	29.0	30.0	31.0	32.0	33.0	34.0	35.0	36.0	37.0	38.0	39.0
untrimmed | H3K36me3_Endo_rep2	9109.0	0.0	0.0	0.0	0.0	56.0	303.0	819.0	1194.0	1242.0	1255.0	1057.0	1007.0	1037.0	1055.0	1254.0	1523.0	2005.0	2969.0	4284.0	6742.0	10713.0	16334.0	25016.0	37386.0	55347.0	80093.0	116370.0	165011.0	232354.0	323005.0	449026.0	635534.0	935224.0	1498293.0	2877714.0	15217583.0	1306346.0
	2.0	3.0	4.0	5.0	6.0	7.0	8.0	9.0	10.0	11.0	12.0	13.0	14.0	15.0	16.0	17.0	18.0	19.0	20.0	21.0	22.0	23.0	24.0	25.0	26.0	27.0	28.0	29.0	30.0	31.0	32.0	33.0	34.0	35.0	36.0	37.0	38.0	39.0
untrimmed | H3K36me3_Endo_rep3	11266.0	0.0	0.0	0.0	0.0	91.0	528.0	1515.0	2214.0	2353.0	2343.0	1989.0	1861.0	1752.0	1883.0	2162.0	2653.0	3615.0	5118.0	7847.0	11970.0	17371.0	24744.0	34834.0	48119.0	65464.0	89587.0	120178.0	161722.0	213853.0	284221.0	381835.0	526881.0	766284.0	1279990.0	2654291.0	8695469.0	583676.0
	15.0	16.0	17.0	18.0	19.0	20.0	21.0	22.0	23.0	24.0	25.0	26.0	27.0	28.0	29.0	30.0	31.0	32.0	33.0	34.0	35.0	36.0	37.0	38.0	39.0	40.0
untrimmed | H3K36me3_Mesecto_rep1	8.0	36.0	144.0	453.0	1033.0	1939.0	3256.0	4878.0	7331.0	10974.0	16757.0	26083.0	40520.0	61662.0	91692.0	130244.0	178179.0	235432.0	309282.0	401788.0	529243.0	718657.0	1033522.0	1696488.0	4766812.0	38294594.0
	2.0	3.0	4.0	5.0	6.0	7.0	8.0	9.0	10.0	11.0	12.0	13.0	14.0	15.0	16.0	17.0	18.0	19.0	20.0	21.0	22.0	23.0	24.0	25.0	26.0	27.0	28.0	29.0	30.0	31.0	32.0	33.0	34.0	35.0	36.0	37.0	38.0	39.0
untrimmed | H3K36me3_Mesecto_rep2	84955.0	0.0	0.0	0.0	2.0	161.0	882.0	2272.0	3314.0	3595.0	3496.0	2880.0	2618.0	2585.0	2645.0	2668.0	2983.0	3329.0	4059.0	4985.0	6505.0	8668.0	11728.0	15600.0	21303.0	28535.0	38367.0	52538.0	70492.0	94581.0	127875.0	173320.0	237554.0	344215.0	546524.0	1047878.0	4607981.0	376866.0
	2.0	3.0	4.0	5.0	6.0	7.0	8.0	9.0	10.0	11.0	12.0	13.0	14.0	15.0	16.0	17.0	18.0	19.0	20.0	21.0	22.0	23.0	24.0	25.0	26.0	27.0	28.0	29.0	30.0	31.0	32.0	33.0	34.0	35.0	36.0	37.0	38.0	39.0
untrimmed | H3K36me3_Mesecto_rep3	85001.0	0.0	0.0	0.0	2.0	65.0	315.0	735.0	988.0	996.0	927.0	759.0	708.0	688.0	816.0	1080.0	1545.0	2678.0	4637.0	7982.0	13777.0	22373.0	35042.0	54193.0	82116.0	119535.0	174247.0	249658.0	352781.0	493309.0	684357.0	945700.0	1337442.0	1955650.0	3107262.0	5914846.0	27102369.0	2060269.0
	14.0	15.0	16.0	17.0	18.0	19.0	20.0	21.0	22.0	23.0	24.0	25.0	26.0	27.0	28.0	29.0	30.0	31.0	32.0	33.0	34.0	35.0	36.0	37.0	38.0	39.0	40.0
untrimmed | H3K4me1_Endo_rep1	1.0	1.0	11.0	33.0	143.0	351.0	692.0	1192.0	1963.0	3148.0	5188.0	9001.0	15347.0	25713.0	41134.0	61807.0	88244.0	119239.0	155451.0	198860.0	254165.0	330889.0	456478.0	658036.0	1110771.0	2887637.0	26754857.0
	14.0	15.0	16.0	17.0	18.0	19.0	20.0	21.0	22.0	23.0	24.0	25.0	26.0	27.0	28.0	29.0	30.0	31.0	32.0	33.0	34.0	35.0	36.0	37.0	38.0	39.0	40.0
untrimmed | H3K4me1_Mesecto_rep1	4.0	12.0	95.0	661.0	2178.0	5596.0	10631.0	16994.0	24046.0	30855.0	37884.0	45401.0	54916.0	67568.0	84232.0	104621.0	130419.0	161369.0	198398.0	243507.0	299685.0	379137.0	506609.0	710845.0	1162807.0	2948302.0	22675773.0
	13.0	14.0	15.0	16.0	17.0	18.0	19.0	20.0	21.0	22.0	23.0	24.0	25.0	26.0	27.0	28.0	29.0	30.0	31.0	32.0	33.0	34.0	35.0	36.0	37.0	38.0	39.0	40.0
untrimmed | H3K4me2_Endo_rep1	1.0	1.0	1.0	6.0	28.0	86.0	246.0	523.0	1008.0	1513.0	2705.0	4860.0	8895.0	15733.0	27158.0	44205.0	66433.0	96323.0	130603.0	171278.0	221128.0	283747.0	368456.0	510724.0	739109.0	1252095.0	3421557.0	29483100.0
	15.0	16.0	17.0	18.0	19.0	20.0	21.0	22.0	23.0	24.0	25.0	26.0	27.0	28.0	29.0	30.0	31.0	32.0	33.0	34.0	35.0	36.0	37.0	38.0	39.0	40.0
untrimmed | H3K4me2_Mesecto_rep1	3.0	19.0	64.0	241.0	659.0	1392.0	2313.0	3653.0	5757.0	8982.0	14875.0	25176.0	41395.0	64994.0	98022.0	139345.0	188605.0	245654.0	315219.0	404230.0	525260.0	727739.0	1047903.0	1770144.0	4636309.0	41381995.0
	14.0	15.0	16.0	17.0	18.0	19.0	20.0	21.0	22.0	23.0	24.0	25.0	26.0	27.0	28.0	29.0	30.0	31.0	32.0	33.0	34.0	35.0	36.0	37.0	38.0	39.0	40.0
untrimmed | H3K4me3_Endo_rep1	1.0	3.0	6.0	26.0	80.0	239.0	506.0	944.0	1704.0	2944.0	5368.0	10109.0	18066.0	31070.0	49724.0	75880.0	107778.0	146207.0	190852.0	244702.0	312351.0	405617.0	560183.0	807426.0	1362230.0	3571916.0	31798355.0
	2.0	3.0	4.0	5.0	6.0	7.0	8.0	9.0	10.0	11.0	12.0	13.0	14.0	15.0	16.0	17.0	18.0	19.0	20.0	21.0	22.0	23.0	24.0	25.0	26.0	27.0	28.0	29.0	30.0	31.0	32.0	33.0	34.0	35.0	36.0	37.0	38.0	39.0
untrimmed | H3K4me3_Endo_rep2	8681.0	0.0	0.0	0.0	11.0	745.0	3143.0	6120.0	6204.0	4391.0	2638.0	1402.0	919.0	743.0	710.0	715.0	972.0	1480.0	2479.0	4254.0	7114.0	10913.0	16664.0	24399.0	35485.0	50362.0	69734.0	97524.0	133885.0	182027.0	247506.0	338963.0	480504.0	725659.0	1222708.0	2577484.0	9199256.0	401664.0
	2.0	3.0	4.0	5.0	6.0	7.0	8.0	9.0	10.0	11.0	12.0	13.0	14.0	15.0	16.0	17.0	18.0	19.0	20.0	21.0	22.0	23.0	24.0	25.0	26.0	27.0	28.0	29.0	30.0	31.0	32.0	33.0	34.0	35.0	36.0	37.0	38.0	39.0
untrimmed | H3K4me3_Endo_rep3	19295.0	0.0	0.0	0.0	5.0	927.0	3384.0	6037.0	5647.0	3886.0	2333.0	1371.0	1051.0	927.0	969.0	1314.0	2173.0	3902.0	6855.0	12094.0	20072.0	31608.0	47499.0	69088.0	99373.0	139012.0	192871.0	263973.0	361165.0	487319.0	657457.0	901624.0	1274658.0	1940785.0	3345364.0	7060984.0	21719547.0	892073.0
	13.0	14.0	15.0	16.0	17.0	18.0	19.0	20.0	21.0	22.0	23.0	24.0	25.0	26.0	27.0	28.0	29.0	30.0	31.0	32.0	33.0	34.0	35.0	36.0	37.0	38.0	39.0	40.0
untrimmed | H3K4me3_Mesecto_rep1	1.0	3.0	7.0	55.0	326.0	1229.0	3144.0	6303.0	10029.0	14533.0	19146.0	24205.0	30989.0	40454.0	53444.0	71875.0	95040.0	125152.0	159192.0	200146.0	250503.0	314273.0	400179.0	543642.0	773420.0	1279883.0	3312175.0	26327639.0
	2.0	3.0	4.0	5.0	6.0	7.0	8.0	9.0	10.0	11.0	12.0	13.0	14.0	15.0	16.0	17.0	18.0	19.0	20.0	21.0	22.0	23.0	24.0	25.0	26.0	27.0	28.0	29.0	30.0	31.0	32.0	33.0	34.0	35.0	36.0	37.0	38.0	39.0
untrimmed | H3K4me3_Mesecto_rep2	44332.0	0.0	0.0	0.0	76.0	10590.0	46824.0	98221.0	101677.0	74711.0	44954.0	24031.0	15761.0	12130.0	10118.0	9512.0	9986.0	11822.0	15411.0	22257.0	32455.0	47209.0	68059.0	97797.0	139199.0	195331.0	271876.0	375414.0	516252.0	704773.0	962827.0	1326151.0	1886310.0	2874154.0	4876079.0	10276433.0	37114614.0	1636993.0
	2.0	3.0	4.0	5.0	6.0	7.0	8.0	9.0	10.0	11.0	12.0	13.0	14.0	15.0	16.0	17.0	18.0	19.0	20.0	21.0	22.0	23.0	24.0	25.0	26.0	27.0	28.0	29.0	30.0	31.0	32.0	33.0	34.0	35.0	36.0	37.0	38.0	39.0
untrimmed | H3K4me3_Mesecto_rep3	116400.0	0.0	0.0	0.0	32.0	3683.0	14694.0	28721.0	28422.0	20156.0	12157.0	6847.0	4678.0	3804.0	3771.0	4470.0	6289.0	10381.0	18011.0	31654.0	52088.0	82722.0	125701.0	185622.0	266113.0	376543.0	527559.0	726706.0	994794.0	1347320.0	1824174.0	2490950.0	3515919.0	5333404.0	9052052.0	18822549.0	53143248.0	1854903.0
	2.0	3.0	4.0	5.0	6.0	7.0	8.0	9.0	10.0	11.0	12.0	13.0	14.0	15.0	16.0	17.0	18.0	19.0	20.0	21.0	22.0	23.0	24.0	25.0	26.0	27.0	28.0	29.0	30.0	31.0	32.0	33.0	34.0	35.0	36.0	37.0	38.0	39.0
untrimmed | H3K79me3_Endo_rep1	4874.0	0.0	0.0	0.0	0.0	0.0	0.0	0.0	0.0	0.0	0.0	48.0	532.0	634.0	709.0	556.0	550.0	629.0	749.0	1351.0	3053.0	6734.0	14526.0	27995.0	48887.0	79278.0	120450.0	171953.0	233982.0	308608.0	395205.0	500357.0	644924.0	861950.0	1249758.0	2128555.0	4793239.0	23694987.0
	13.0	14.0	15.0	16.0	17.0	18.0	19.0	20.0	21.0	22.0	23.0	24.0	25.0	26.0	27.0	28.0	29.0	30.0	31.0	32.0	33.0	34.0	35.0	36.0	37.0	38.0	39.0	40.0
untrimmed | H3K79me3_Mesecto_rep1	1.0	0.0	9.0	13.0	101.0	318.0	866.0	1659.0	2719.0	4173.0	5959.0	9011.0	13995.0	22493.0	36067.0	56386.0	83785.0	117806.0	159892.0	208469.0	266933.0	338632.0	437581.0	606794.0	871675.0	1477807.0	3823722.0	36426888.0
	13.0	14.0	15.0	16.0	17.0	18.0	19.0	20.0	21.0	22.0	23.0	24.0	25.0	26.0	27.0	28.0	29.0	30.0	31.0	32.0	33.0	34.0	35.0	36.0	37.0	38.0	39.0	40.0
untrimmed | H3K9me3_Endo_rep1	2.0	5.0	0.0	13.0	38.0	140.0	327.0	672.0	1294.0	2149.0	3757.0	6607.0	11147.0	18846.0	31155.0	49122.0	73815.0	107776.0	148393.0	198016.0	260762.0	341967.0	450129.0	612764.0	889278.0	1477029.0	4228355.0	30891485.0
	2.0	3.0	4.0	5.0	6.0	7.0	8.0	9.0	10.0	11.0	12.0	13.0	14.0	15.0	16.0	17.0	18.0	19.0	20.0	21.0	22.0	23.0	24.0	25.0	26.0	27.0	28.0	29.0	30.0	31.0	32.0	33.0	34.0	35.0	36.0	37.0	38.0	39.0
untrimmed | H3K9me3_Endo_rep2	55608.0	0.0	0.0	0.0	24.0	2267.0	7358.0	12559.0	10977.0	7416.0	4483.0	2712.0	1968.0	1785.0	1882.0	2145.0	2907.0	4487.0	7619.0	12497.0	20294.0	31211.0	46532.0	68564.0	99011.0	140999.0	197993.0	278269.0	386814.0	535702.0	742501.0	1032675.0	1486400.0	2283740.0	3909770.0	8563807.0	36215622.0	1699182.0
	2.0	3.0	4.0	5.0	6.0	7.0	8.0	9.0	10.0	11.0	12.0	13.0	14.0	15.0	16.0	17.0	18.0	19.0	20.0	21.0	22.0	23.0	24.0	25.0	26.0	27.0	28.0	29.0	30.0	31.0	32.0	33.0	34.0	35.0	36.0	37.0	38.0	39.0
untrimmed | H3K9me3_Endo_rep3	832836.0	0.0	0.0	0.0	253.0	31379.0	124174.0	241062.0	238657.0	172030.0	104014.0	57469.0	39782.0	30884.0	26519.0	23791.0	23065.0	23394.0	24810.0	27857.0	33273.0	40720.0	50671.0	62121.0	78703.0	99155.0	126991.0	164242.0	213213.0	279168.0	370414.0	496994.0	687890.0	1026840.0	1701657.0	3513730.0	10961638.0	410473.0
	14.0	15.0	16.0	17.0	18.0	19.0	20.0	21.0	22.0	23.0	24.0	25.0	26.0	27.0	28.0	29.0	30.0	31.0	32.0	33.0	34.0	35.0	36.0	37.0	38.0	39.0	40.0
untrimmed | H3K9me3_Mesecto_rep1	2.0	13.0	51.0	228.0	731.0	1509.0	2704.0	4403.0	6552.0	8917.0	11866.0	15693.0	21504.0	29406.0	40143.0	54087.0	72001.0	93488.0	119681.0	152211.0	194953.0	254659.0	344479.0	503431.0	831394.0	2118097.0	20160114.0
	2.0	3.0	4.0	5.0	6.0	7.0	8.0	9.0	10.0	11.0	12.0	13.0	14.0	15.0	16.0	17.0	18.0	19.0	20.0	21.0	22.0	23.0	24.0	25.0	26.0	27.0	28.0	29.0	30.0	31.0	32.0	33.0	34.0	35.0	36.0	37.0	38.0	39.0
untrimmed | H3K9me3_Mesecto_rep2	122310.0	0.0	0.0	0.0	61.0	4919.0	16096.0	25606.0	21702.0	14262.0	8649.0	5274.0	3933.0	3268.0	3287.0	3706.0	4647.0	6770.0	10531.0	16756.0	26250.0	39676.0	58489.0	84265.0	119604.0	169386.0	238046.0	330042.0	459092.0	633076.0	872203.0	1210121.0	1738086.0	2664587.0	4518682.0	9796727.0	39637347.0	1789841.0
	2.0	3.0	4.0	5.0	6.0	7.0	8.0	9.0	10.0	11.0	12.0	13.0	14.0	15.0	16.0	17.0	18.0	19.0	20.0	21.0	22.0	23.0	24.0	25.0	26.0	27.0	28.0	29.0	30.0	31.0	32.0	33.0	34.0	35.0	36.0	37.0	38.0	39.0
untrimmed | H3K9me3_Mesecto_rep3	369164.0	0.0	0.0	0.0	876.0	101629.0	373943.0	690107.0	640680.0	434836.0	247988.0	132460.0	88203.0	68977.0	58020.0	52958.0	51414.0	51836.0	53991.0	59189.0	67377.0	75752.0	87502.0	101379.0	116659.0	136211.0	161647.0	192994.0	232947.0	284755.0	355982.0	453121.0	599871.0	856358.0	1342712.0	2321965.0	4088527.0	84839.0
	2.0	3.0	4.0	5.0	6.0	7.0	8.0	9.0	10.0	11.0	12.0	13.0	14.0	15.0	16.0	17.0	18.0	19.0	20.0	21.0	22.0	23.0	24.0	25.0	26.0	27.0	28.0	29.0	30.0	31.0	32.0	33.0	34.0	35.0	36.0	37.0	38.0	39.0
untrimmed | Input_Endo_rep1	11988.0	0.0	0.0	0.0	0.0	0.0	0.0	0.0	0.0	0.0	0.0	2634.0	23663.0	26683.0	22444.0	13705.0	9333.0	7348.0	6541.0	6231.0	7195.0	9578.0	14955.0	24836.0	40094.0	62433.0	92980.0	131725.0	177912.0	231817.0	296681.0	377236.0	483102.0	647392.0	946674.0	1629624.0	3735423.0	20418769.0
	2.0	3.0	4.0	5.0	6.0	7.0	8.0	9.0	10.0	11.0	12.0	13.0	14.0	15.0	16.0	17.0	18.0	19.0	20.0	21.0	22.0	23.0	24.0	25.0	26.0	27.0	28.0	29.0	30.0	31.0	32.0	33.0	34.0	35.0	36.0	37.0	38.0	39.0
untrimmed | Input_Endo_rep2	12291.0	0.0	0.0	0.0	10.0	1474.0	5470.0	10525.0	10040.0	7063.0	4216.0	2366.0	1642.0	1296.0	1214.0	1295.0	1634.0	2401.0	4041.0	6806.0	11443.0	18425.0	28765.0	42940.0	63232.0	92976.0	134235.0	189751.0	265679.0	367258.0	509041.0	709001.0	1015456.0	1549069.0	2635217.0	5794632.0	24060213.0	1091476.0
	2.0	3.0	4.0	5.0	6.0	7.0	8.0	9.0	10.0	11.0	12.0	13.0	14.0	15.0	16.0	17.0	18.0	19.0	20.0	21.0	22.0	23.0	24.0	25.0	26.0	27.0	28.0	29.0	30.0	31.0	32.0	33.0	34.0	35.0	36.0	37.0	38.0	39.0
untrimmed | Input_Endo_rep3	57079.0	0.0	0.0	0.0	61.0	7409.0	28832.0	55998.0	54758.0	39096.0	23352.0	12752.0	8508.0	6655.0	5726.0	5294.0	5292.0	5552.0	6897.0	9340.0	13055.0	19379.0	28242.0	41200.0	59841.0	86070.0	122660.0	173889.0	245209.0	344229.0	480696.0	675038.0	970984.0	1489245.0	2539486.0	5655339.0	27158167.0	1416072.0
	2.0	3.0	4.0	5.0	6.0	7.0	8.0	9.0	10.0	11.0	12.0	13.0	14.0	15.0	16.0	17.0	18.0	19.0	20.0	21.0	22.0	23.0	24.0	25.0	26.0	27.0	28.0	29.0	30.0	31.0	32.0	33.0	34.0	35.0	36.0	37.0	38.0	39.0
untrimmed | Input_Mesecto_rep1	1042.0	0.0	0.0	0.0	0.0	0.0	0.0	0.0	0.0	0.0	0.0	351.0	2874.0	3004.0	2326.0	1396.0	1065.0	901.0	912.0	1275.0	2415.0	5103.0	10803.0	20513.0	36713.0	59741.0	91457.0	130965.0	178645.0	234514.0	301076.0	382477.0	491011.0	659234.0	966372.0	1667511.0	3851967.0	20832452.0
	2.0	3.0	4.0	5.0	6.0	7.0	8.0	9.0	10.0	11.0	12.0	13.0	14.0	15.0	16.0	17.0	18.0	19.0	20.0	21.0	22.0	23.0	24.0	25.0	26.0	27.0	28.0	29.0	30.0	31.0	32.0	33.0	34.0	35.0	36.0	37.0	38.0	39.0
untrimmed | Input_Mesecto_rep2	37310.0	0.0	0.0	0.0	774.0	94204.0	380402.0	759432.0	753579.0	535416.0	317034.0	163735.0	105622.0	80267.0	66081.0	59376.0	55003.0	52573.0	51771.0	52194.0	54452.0	57264.0	60997.0	66127.0	72586.0	81385.0	91297.0	105910.0	124887.0	148194.0	178627.0	219410.0	277665.0	371479.0	552510.0	1057450.0	3984705.0	185403.0
	2.0	3.0	4.0	5.0	6.0	7.0	8.0	9.0	10.0	11.0	12.0	13.0	14.0	15.0	16.0	17.0	18.0	19.0	20.0	21.0	22.0	23.0	24.0	25.0	26.0	27.0	28.0	29.0	30.0	31.0	32.0	33.0	34.0	35.0	36.0	37.0	38.0	39.0
untrimmed | Input_Mesecto_rep3	197572.0	0.0	0.0	0.0	478.0	61108.0	253692.0	522331.0	538732.0	401287.0	247352.0	133006.0	87299.0	66393.0	55559.0	49751.0	46408.0	44254.0	43627.0	44422.0	46129.0	48602.0	52654.0	58579.0	66007.0	76464.0	90333.0	108692.0	133975.0	168787.0	215154.0	278028.0	373366.0	530220.0	845878.0	1761839.0	7718997.0	379531.0

