	15	16	17	18	19	20	21	22	23	24	25	26	27	28	29	30	31	32	33	34	35	36	37	38	39	40	41	42	43	44	45	46	47	48	49	50	51
trimmed | H2AH4SerP_Endo_rep2	133.0	68.0	291.0	76.0	535.0	96.0	943.0	120.0	2494.0	218.0	1863.0	254.0	1504.0	376.0	1198.0	478.0	1005.0	673.0	1166.0	882.0	1555.0	1724.0	2375.0	2518.0	3465.0	3605.0	5278.0	5419.0	7662.0	7630.0	12329.0	18247.0	41347.0	111089.0	330414.0	1298912.0	2834954.0
	15	16	17	18	19	20	21	22	23	24	25	26	27	28	29	30	31	32	33	34	35	36	37	38	39	40	41	42	43	44	45	46	47	48	49	50	51
trimmed | H2AH4SerP_Endo_rep3	32.0	19.0	26.0	29.0	22.0	39.0	49.0	63.0	89.0	96.0	125.0	122.0	141.0	195.0	215.0	217.0	279.0	285.0	434.0	512.0	1422.0	1750.0	1999.0	2172.0	2602.0	3035.0	3779.0	4469.0	5006.0	6041.0	9090.0	16847.0	43817.0	142396.0	459996.0	1862286.0	4183562.0
	15	16	17	18	19	20	21	22	23	24	25	26	27	28	29	30	31	32	33	34	35	36	37	38	39	40	41	42	43	44	45	46	47	48	49	50	51
trimmed | H2AH4SerP_Mesecto_rep2	39.0	42.0	54.0	39.0	99.0	27.0	171.0	32.0	516.0	59.0	474.0	92.0	416.0	97.0	314.0	142.0	314.0	223.0	407.0	273.0	556.0	575.0	782.0	842.0	1157.0	1331.0	1826.0	2142.0	2615.0	2852.0	4727.0	8510.0	22678.0	71627.0	227667.0	940619.0	2073352.0
	15	16	17	18	19	20	21	22	23	24	25	26	27	28	29	30	31	32	33	34	35	36	37	38	39	40	41	42	43	44	45	46	47	48	49	50	51
trimmed | H2AH4SerP_Mesecto_rep3	59.0	45.0	67.0	68.0	67.0	47.0	87.0	64.0	190.0	87.0	181.0	70.0	170.0	111.0	184.0	141.0	166.0	174.0	240.0	236.0	647.0	636.0	713.0	694.0	955.0	1041.0	1232.0	1376.0	1629.0	1874.0	3003.0	5300.0	10979.0	34107.0	116879.0	408453.0	1054446.0
	15	16	17	18	19	20	21	22	23	24	25	26	27	28	29	30	31	32	33	34	35	36	37	38	39	40	41	42	43	44	45	46	47	48	49	50	51
trimmed | H2AUb_Endo_rep2	196.0	190.0	217.0	271.0	272.0	317.0	327.0	308.0	372.0	369.0	470.0	476.0	485.0	519.0	555.0	648.0	604.0	682.0	791.0	918.0	1707.0	2000.0	2380.0	2851.0	3333.0	4040.0	5088.0	6170.0	7230.0	8634.0	12600.0	22450.0	53962.0	171742.0	554432.0	2209236.0	4938841.0
	15	16	17	18	19	20	21	22	23	24	25	26	27	28	29	30	31	32	33	34	35	36	37	38	39	40	41	42	43	44	45	46	47	48	49	50	51
trimmed | H2AUb_Endo_rep3	441.0	473.0	536.0	550.0	570.0	604.0	711.0	776.0	934.0	941.0	1051.0	1003.0	1161.0	1097.0	1158.0	1387.0	1442.0	1708.0	1711.0	1982.0	2793.0	3154.0	3491.0	4168.0	4697.0	5712.0	6788.0	8129.0	9538.0	11420.0	16831.0	28132.0	62588.0	183276.0	577874.0	2218818.0	4939865.0
	15	16	17	18	19	20	21	22	23	24	25	26	27	28	29	30	31	32	33	34	35	36	37	38	39	40	41	42	43	44	45	46	47	48	49	50	51
trimmed | H2AUb_Mesecto_rep2	408.0	384.0	435.0	461.0	432.0	514.0	581.0	644.0	735.0	815.0	928.0	910.0	1045.0	1062.0	1071.0	1217.0	1315.0	1490.0	1649.0	1967.0	4196.0	4911.0	5942.0	7252.0	8976.0	10844.0	13646.0	16750.0	19295.0	23193.0	32950.0	59943.0	146590.0	482255.0	1593962.0	6102420.0	14086127.0
	15	16	17	18	19	20	21	22	23	24	25	26	27	28	29	30	31	32	33	34	35	36	37	38	39	40	41	42	43	44	45	46	47	48	49	50	51
trimmed | H2AUb_Mesecto_rep3	2304.0	2327.0	2684.0	2702.0	2727.0	2865.0	3150.0	3023.0	3541.0	3201.0	3667.0	3228.0	3244.0	3043.0	3488.0	3537.0	3582.0	3527.0	3863.0	4119.0	6921.0	6780.0	7487.0	8078.0	8549.0	9321.0	10352.0	11293.0	13017.0	14527.0	20193.0	30641.0	65546.0	188304.0	584292.0	2243939.0	5011441.0
	15	16	17	18	19	20	21	22	23	24	25	26	27	28	29	30	31	32	33	34	35	36	37	38	39	40	41	42	43	44	45	46	47	48	49	50	51
trimmed | H2Ax3_Endo_rep2	881.0	913.0	987.0	1014.0	1017.0	1124.0	1110.0	1093.0	1166.0	1143.0	1249.0	1156.0	1158.0	1076.0	1218.0	1250.0	1266.0	1362.0	1394.0	1450.0	1593.0	1628.0	1732.0	2122.0	2133.0	2612.0	2823.0	3195.0	3639.0	4455.0	6222.0	9650.0	20092.0	57044.0	171068.0	668286.0	1456537.0
	15	16	17	18	19	20	21	22	23	24	25	26	27	28	29	30	31	32	33	34	35	36	37	38	39	40	41	42	43	44	45	46	47	48	49	50	51
trimmed | H2Ax3_Endo_rep3	1171.0	1114.0	1253.0	1220.0	1221.0	1359.0	1528.0	1467.0	1648.0	1754.0	1743.0	1776.0	1717.0	1884.0	1949.0	2239.0	2233.0	2450.0	2542.0	2972.0	4341.0	4572.0	5054.0	5774.0	6236.0	7343.0	8576.0	9631.0	11228.0	13958.0	20837.0	32828.0	65140.0	188341.0	601318.0	2200741.0	5206384.0
	15	16	17	18	19	20	21	22	23	24	25	26	27	28	29	30	31	32	33	34	35	36	37	38	39	40	41	42	43	44	45	46	47	48	49	50	51
trimmed | H2Ax3_Mesecto_rep2	848.0	803.0	910.0	991.0	953.0	1015.0	1114.0	1155.0	1356.0	1251.0	1474.0	1477.0	1567.0	1497.0	1705.0	1974.0	1924.0	2197.0	2291.0	2617.0	4629.0	5266.0	6002.0	7312.0	8529.0	10528.0	12712.0	15645.0	17696.0	21410.0	30550.0	53102.0	124562.0	390743.0	1241167.0	4958718.0	11001133.0
	15	16	17	18	19	20	21	22	23	24	25	26	27	28	29	30	31	32	33	34	35	36	37	38	39	40	41	42	43	44	45	46	47	48	49	50	51
trimmed | H2Ax3_Mesecto_rep3	4550.0	4347.0	5121.0	5100.0	5130.0	5550.0	5829.0	6003.0	6199.0	5886.0	6468.0	6057.0	6044.0	5953.0	6469.0	6781.0	6614.0	7073.0	7173.0	7622.0	10272.0	10437.0	11356.0	12618.0	12933.0	14235.0	15754.0	16816.0	19443.0	22431.0	29429.0	36727.0	53339.0	101926.0	252355.0	759314.0	1726747.0
	15	16	17	18	19	20	21	22	23	24	25	26	27	28	29	30	31	32	33	34	35	36	37	38	39	40	41	42	43	44	45	46	47	48	49	50	51
trimmed | H3K27ac_Endo_rep1	1.0	1.0	1.0	1.0	1.0	2.0	0.0	0.0	0.0	2.0	4.0	3.0	2.0	1.0	6.0	4.0	3.0	5.0	18.0	23.0	156.0	283.0	253.0	345.0	690.0	1089.0	1996.0	3606.0	3438.0	3294.0	6975.0	23360.0	90016.0	345415.0	1173479.0	5002035.0	10832976.0
	15	16	17	18	19	20	21	22	23	24	25	26	27	28	29	30	31	32	33	34	35	36	37	38	39	40	41	42	43	44	45	46	47	48	49	50	51
trimmed | H3K27ac_Endo_rep2	231.0	235.0	268.0	264.0	257.0	332.0	394.0	449.0	499.0	594.0	720.0	743.0	764.0	865.0	995.0	1105.0	1247.0	1362.0	1495.0	1812.0	6678.0	7558.0	8777.0	10282.0	12366.0	14707.0	17897.0	21261.0	24294.0	28690.0	41581.0	74684.0	184146.0	603727.0	1981529.0	7994962.0	18152282.0
	15	16	17	18	19	20	21	22	23	24	25	26	27	28	29	30	31	32	33	34	35	36	37	38	39	40	41	42	43	44	45	46	47	48	49	50	51
trimmed | H3K27ac_Endo_rep3	147.0	193.0	224.0	234.0	237.0	288.0	325.0	391.0	509.0	578.0	721.0	804.0	800.0	840.0	1013.0	1146.0	1273.0	1407.0	1660.0	1958.0	3575.0	4054.0	4909.0	5766.0	6856.0	8352.0	9745.0	12014.0	14350.0	16685.0	24955.0	40834.0	85720.0	252177.0	789716.0	3111905.0	6960037.0
	15	16	17	18	19	20	21	22	23	24	25	26	27	28	29	30	31	32	33	34	35	36	37	38	39	40	41	42	43	44	45	46	47	48	49	50
trimmed | H3K27ac_Mesecto_rep1	264.0	242.0	340.0	263.0	405.0	344.0	501.0	498.0	550.0	529.0	644.0	571.0	651.0	650.0	695.0	670.0	706.0	634.0	799.0	813.0	796.0	891.0	1047.0	1166.0	1370.0	1852.0	2825.0	6696.0	3188.0	5188.0	12087.0	6334.0	14523.0	77050.0	197469.0	24322471.0
	15	16	17	18	19	20	21	22	23	24	25	26	27	28	29	30	31	32	33	34	35	36	37	38	39	40	41	42	43	44	45	46	47	48	49	50	51
trimmed | H3K27ac_Mesecto_rep2	213.0	182.0	222.0	218.0	226.0	268.0	303.0	380.0	426.0	537.0	613.0	578.0	681.0	717.0	806.0	921.0	978.0	1159.0	1329.0	1514.0	2193.0	2538.0	2868.0	3424.0	4132.0	5064.0	6068.0	6831.0	9156.0	11002.0	16753.0	36512.0	113690.0	393952.0	1292990.0	5254121.0	11725352.0
	15	16	17	18	19	20	21	22	23	24	25	26	27	28	29	30	31	32	33	34	35	36	37	38	39	40	41	42	43	44	45	46	47	48	49	50	51
trimmed | H3K27ac_Mesecto_rep3	7994.0	7989.0	8570.0	8848.0	8247.0	9324.0	9628.0	9449.0	10281.0	9761.0	10485.0	9913.0	9569.0	10058.0	10646.0	11058.0	10352.0	10413.0	11143.0	12138.0	17218.0	17557.0	18442.0	20073.0	20688.0	22898.0	24805.0	26158.0	31680.0	34072.0	44188.0	56685.0	77540.0	150882.0	391918.0	1098133.0	2807077.0
	15	16	17	18	19	20	21	22	23	24	25	26	27	28	29	30	31	32	33	34	35	36	37	38	39	40	41	42	43	44	45	46	47	48	49	50	51
trimmed | H3K27me3_Endo_rep1	7.0	1.0	2.0	4.0	4.0	4.0	2.0	4.0	3.0	8.0	9.0	4.0	10.0	6.0	8.0	12.0	15.0	16.0	24.0	62.0	620.0	809.0	828.0	924.0	1531.0	2007.0	3101.0	5471.0	5583.0	5576.0	11234.0	29027.0	86327.0	324107.0	1112753.0	4390094.0	10378486.0
	15	16	17	18	19	20	21	22	23	24	25	26	27	28	29	30	31	32	33	34	35	36	37	38	39	40	41	42	43	44	45	46	47	48	49	50	51
trimmed | H3K27me3_Endo_rep2	18.0	18.0	22.0	22.0	19.0	30.0	33.0	31.0	49.0	46.0	83.0	70.0	81.0	110.0	122.0	149.0	163.0	194.0	215.0	263.0	325.0	448.0	484.0	585.0	708.0	812.0	1064.0	1392.0	1776.0	2301.0	3483.0	8244.0	27060.0	94209.0	304968.0	1242423.0	2799253.0
	15	16	17	18	19	20	21	22	23	24	25	26	27	28	29	30	31	32	33	34	35	36	37	38	39	40	41	42	43	44	45	46	47	48	49	50	51
trimmed | H3K27me3_Endo_rep3	64.0	46.0	76.0	39.0	64.0	68.0	90.0	100.0	146.0	174.0	263.0	204.0	234.0	245.0	289.0	335.0	415.0	431.0	586.0	619.0	1468.0	1763.0	2038.0	2476.0	2901.0	3422.0	3937.0	4818.0	5470.0	6780.0	9491.0	15104.0	29688.0	82884.0	247492.0	930570.0	2144622.0
	24	25	26	27	28	29	30	31	32	33	34	35	36	37	38	39	40	41	42	43	44	45	46	47	48	49	50
trimmed | H3K27me3_Mesecto_rep1	1.0	0.0	1.0	0.0	2.0	3.0	2.0	4.0	6.0	8.0	25.0	30.0	27.0	60.0	88.0	132.0	210.0	331.0	612.0	1059.0	1691.0	3311.0	6601.0	15322.0	43898.0	207796.0	20787508.0
	15	16	17	18	19	20	21	22	23	24	25	26	27	28	29	30	31	32	33	34	35	36	37	38	39	40	41	42	43	44	45	46	47	48	49	50	51
trimmed | H3K27me3_Mesecto_rep2	29.0	30.0	21.0	26.0	30.0	25.0	41.0	48.0	90.0	105.0	117.0	144.0	158.0	171.0	212.0	242.0	302.0	303.0	396.0	517.0	1147.0	1342.0	1633.0	1967.0	2307.0	2663.0	3447.0	4051.0	5045.0	6258.0	8980.0	19351.0	60158.0	204668.0	649749.0	2673925.0	5955364.0
	15	16	17	18	19	20	21	22	23	24	25	26	27	28	29	30	31	32	33	34	35	36	37	38	39	40	41	42	43	44	45	46	47	48	49	50	51
trimmed | H3K27me3_Mesecto_rep3	269.0	297.0	339.0	274.0	293.0	259.0	339.0	349.0	405.0	452.0	519.0	529.0	579.0	616.0	720.0	734.0	874.0	991.0	1084.0	1354.0	3298.0	3617.0	4164.0	4572.0	5200.0	5800.0	6678.0	7484.0	8966.0	10621.0	14477.0	20923.0	31905.0	76072.0	225973.0	687422.0	1893250.0
	15	16	17	18	19	20	21	22	23	24	25	26	27	28	29	30	31	32	33	34	35	36	37	38	39	40	41	42	43	44	45	46	47	48	49	50	51
trimmed | H3K36me3_Endo_rep1	12.0	4.0	4.0	4.0	3.0	4.0	4.0	3.0	7.0	10.0	3.0	6.0	4.0	6.0	12.0	12.0	14.0	11.0	45.0	41.0	375.0	490.0	516.0	589.0	948.0	1339.0	2303.0	4142.0	4622.0	4354.0	8323.0	22650.0	71822.0	268765.0	937786.0	3684378.0	8605669.0
	15	16	17	18	19	20	21	22	23	24	25	26	27	28	29	30	31	32	33	34	35	36	37	38	39	40	41	42	43	44	45	46	47	48	49	50	51
trimmed | H3K36me3_Endo_rep2	56.0	61.0	66.0	62.0	77.0	56.0	93.0	102.0	126.0	127.0	176.0	192.0	214.0	212.0	258.0	269.0	292.0	376.0	444.0	483.0	1083.0	1385.0	1782.0	2187.0	2607.0	3232.0	3999.0	5238.0	5655.0	7053.0	12398.0	28178.0	82275.0	288580.0	945180.0	3864812.0	8737926.0
	15	16	17	18	19	20	21	22	23	24	25	26	27	28	29	30	31	32	33	34	35	36	37	38	39	40	41	42	43	44	45	46	47	48	49	50	51
trimmed | H3K36me3_Endo_rep3	114.0	139.0	145.0	137.0	135.0	170.0	159.0	210.0	269.0	301.0	321.0	369.0	430.0	427.0	501.0	545.0	625.0	677.0	828.0	1047.0	1539.0	1722.0	2027.0	2267.0	2811.0	3309.0	3952.0	4689.0	5634.0	6700.0	9786.0	14729.0	24460.0	60395.0	181905.0	592046.0	1563632.0
	15	16	17	18	19	20	21	22	23	24	25	26	27	28	29	30	31	32	33	34	35	36	37	38	39	40	41	42	43	44	45	46	47	48	49	50
trimmed | H3K36me3_Mesecto_rep1	204.0	182.0	252.0	242.0	350.0	309.0	351.0	407.0	446.0	452.0	511.0	433.0	485.0	486.0	552.0	528.0	529.0	516.0	536.0	541.0	575.0	640.0	729.0	821.0	989.0	1475.0	2594.0	6633.0	3149.0	5572.0	14098.0	9840.0	22510.0	62754.0	278654.0	25647064.0
	15	16	17	18	19	20	21	22	23	24	25	26	27	28	29	30	31	32	33	34	35	36	37	38	39	40	41	42	43	44	45	46	47	48	49	50	51
trimmed | H3K36me3_Mesecto_rep2	236.0	251.0	297.0	272.0	225.0	216.0	259.0	254.0	350.0	348.0	394.0	344.0	395.0	362.0	394.0	410.0	519.0	522.0	583.0	720.0	2591.0	2574.0	2993.0	2784.0	3016.0	3473.0	3602.0	3937.0	4574.0	5525.0	6754.0	10418.0	19958.0	53085.0	156141.0	564223.0	1303705.0
	15	16	17	18	19	20	21	22	23	24	25	26	27	28	29	30	31	32	33	34	35	36	37	38	39	40	41	42	43	44	45	46	47	48	49	50	51
trimmed | H3K36me3_Mesecto_rep3	157.0	153.0	164.0	138.0	144.0	132.0	155.0	165.0	272.0	316.0	390.0	395.0	454.0	425.0	494.0	596.0	640.0	862.0	987.0	1175.0	2892.0	3263.0	3609.0	4002.0	4430.0	5520.0	6628.0	7944.0	9061.0	11445.0	18470.0	39316.0	98065.0	343750.0	1186133.0	4306238.0	10801089.0
	15	16	17	18	19	20	21	22	23	24	25	26	27	28	29	30	31	32	33	34	35	36	37	38	39	40	41	42	43	44	45	46	47	48	49	50
trimmed | H3K4me1_Endo_rep1	162.0	140.0	180.0	163.0	240.0	219.0	279.0	275.0	337.0	307.0	398.0	311.0	339.0	361.0	372.0	349.0	355.0	395.0	415.0	441.0	397.0	461.0	452.0	593.0	668.0	960.0	1731.0	4762.0	1986.0	3614.0	9379.0	5501.0	12386.0	64672.0	165932.0	19315089.0
	15	16	17	18	19	20	21	22	23	24	25	26	27	28	29	30	31	32	33	34	35	36	37	38	39	40	41	42	43	44	45	46	47	48	49	50
trimmed | H3K4me1_Mesecto_rep1	847.0	1123.0	1056.0	1382.0	1263.0	1667.0	1855.0	2377.0	2247.0	2737.0	2297.0	2713.0	2544.0	2690.0	2599.0	2622.0	2411.0	2636.0	2380.0	2439.0	2502.0	2597.0	2830.0	2854.0	3157.0	3640.0	4889.0	7256.0	6317.0	9204.0	23466.0	18253.0	35193.0	107352.0	257852.0	14059969.0
	15	16	17	18	19	20	21	22	23	24	25	26	27	28	29	30	31	32	33	34	35	36	37	38	39	40	41	42	43	44	45	46	47	48	49	50
trimmed | H3K4me2_Endo_rep1	47.0	57.0	63.0	54.0	86.0	86.0	91.0	144.0	135.0	139.0	157.0	146.0	198.0	177.0	214.0	245.0	272.0	278.0	317.0	351.0	380.0	437.0	543.0	587.0	746.0	1048.0	1830.0	4524.0	2089.0	3852.0	9680.0	4998.0	11154.0	64247.0	153902.0	16616838.0
	15	16	17	18	19	20	21	22	23	24	25	26	27	28	29	30	31	32	33	34	35	36	37	38	39	40	41	42	43	44	45	46	47	48	49	50
trimmed | H3K4me2_Mesecto_rep1	294.0	258.0	340.0	370.0	453.0	437.0	581.0	528.0	739.0	668.0	800.0	748.0	770.0	734.0	797.0	836.0	910.0	897.0	961.0	1012.0	1006.0	1142.0	1334.0	1551.0	1814.0	2431.0	3805.0	8751.0	4443.0	7109.0	16624.0	8861.0	19541.0	101594.0	260596.0	29934330.0
	15	16	17	18	19	20	21	22	23	24	25	26	27	28	29	30	31	32	33	34	35	36	37	38	39	40	41	42	43	44	45	46	47	48	49	50
trimmed | H3K4me3_Endo_rep1	133.0	103.0	180.0	184.0	225.0	198.0	269.0	248.0	340.0	314.0	376.0	350.0	359.0	341.0	393.0	400.0	389.0	423.0	457.0	475.0	475.0	546.0	593.0	640.0	786.0	1150.0	2029.0	5429.0	2168.0	4250.0	10547.0	6633.0	14827.0	76208.0	192169.0	20678161.0
	15	16	17	18	19	20	21	22	23	24	25	26	27	28	29	30	31	32	33	34	35	36	37	38	39	40	41	42	43	44	45	46	47	48	49	50	51
trimmed | H3K4me3_Endo_rep2	171.0	191.0	212.0	226.0	225.0	230.0	335.0	263.0	360.0	395.0	440.0	414.0	465.0	465.0	492.0	561.0	617.0	736.0	758.0	830.0	1159.0	1310.0	1525.0	1822.0	1973.0	2330.0	3008.0	3559.0	4103.0	4890.0	7359.0	11177.0	21683.0	60457.0	183131.0	639176.0	1466031.0
	15	16	17	18	19	20	21	22	23	24	25	26	27	28	29	30	31	32	33	34	35	36	37	38	39	40	41	42	43	44	45	46	47	48	49	50	51
trimmed | H3K4me3_Endo_rep3	194.0	196.0	211.0	245.0	257.0	307.0	390.0	414.0	573.0	654.0	764.0	849.0	883.0	997.0	1105.0	1261.0	1335.0	1584.0	1829.0	2042.0	2686.0	3053.0	3507.0	4092.0	4799.0	6017.0	7152.0	8837.0	10687.0	13224.0	19696.0	30723.0	59171.0	172593.0	542207.0	1787828.0	4342460.0
	19	20	21	22	23	24	25	26	27	28	29	30	31	32	33	34	35	36	37	38	39	40	41	42	43	44	45	46	47	48	49	50
trimmed | H3K4me3_Mesecto_rep1	1.0	0.0	0.0	0.0	0.0	2.0	1.0	4.0	2.0	6.0	14.0	22.0	19.0	31.0	48.0	73.0	79.0	120.0	192.0	242.0	410.0	690.0	955.0	1619.0	2521.0	4142.0	7590.0	13529.0	27531.0	96991.0	243546.0	17221254.0
	15	16	17	18	19	20	21	22	23	24	25	26	27	28	29	30	31	32	33	34	35	36	37	38	39	40	41	42	43	44	45	46	47	48	49	50	51
trimmed | H3K4me3_Mesecto_rep2	2948.0	2967.0	3371.0	3345.0	3301.0	3734.0	3902.0	3979.0	4426.0	4152.0	4570.0	4358.0	4314.0	4457.0	4795.0	5029.0	5171.0	5612.0	5654.0	6387.0	8567.0	9344.0	10715.0	12451.0	13933.0	16109.0	18737.0	21964.0	25133.0	29987.0	40581.0	58808.0	108773.0	295833.0	890086.0	3059308.0	7138399.0
	15	16	17	18	19	20	21	22	23	24	25	26	27	28	29	30	31	32	33	34	35	36	37	38	39	40	41	42	43	44	45	46	47	48	49	50	51
trimmed | H3K4me3_Mesecto_rep3	864.0	899.0	1050.0	1072.0	1068.0	1308.0	1421.0	1500.0	1858.0	2095.0	2358.0	2514.0	2668.0	2822.0	3049.0	3606.0	3735.0	4221.0	4843.0	5578.0	7390.0	8300.0	9504.0	11386.0	12819.0	15638.0	18591.0	21728.0	26386.0	32248.0	45491.0	64811.0	109650.0	259130.0	712271.0	2169122.0	4984315.0
	16	17	18	19	20	21	22	23	24	25	26	27	28	29	30	31	32	33	34	35	36	37	38	39	40	41	42	43	44	45	46	47	48	49	50	51
trimmed | H3K79me3_Endo_rep1	2.0	1.0	0.0	2.0	1.0	0.0	0.0	0.0	2.0	5.0	3.0	3.0	5.0	4.0	7.0	11.0	15.0	21.0	35.0	305.0	521.0	440.0	560.0	1071.0	1351.0	2403.0	4270.0	4564.0	4360.0	7736.0	19726.0	61575.0	225278.0	763219.0	3103601.0	6962574.0
	24	25	26	27	28	29	30	31	32	33	34	35	36	37	38	39	40	41	42	43	44	45	46	47	48	49	50
trimmed | H3K79me3_Mesecto_rep1	1.0	0.0	3.0	1.0	5.0	2.0	11.0	9.0	13.0	16.0	25.0	42.0	44.0	82.0	110.0	155.0	271.0	436.0	693.0	1168.0	2169.0	3911.0	7560.0	16689.0	86724.0	211582.0	24488267.0
	15	16	17	18	19	20	21	22	23	24	25	26	27	28	29	30	31	32	33	34	35	36	37	38	39	40	41	42	43	44	45	46	47	48	49	50
trimmed | H3K9me3_Endo_rep1	1.0	1.0	2.0	2.0	1.0	1.0	2.0	1.0	1.0	1.0	2.0	1.0	2.0	75.0	2.0	5.0	5.0	3.0	18.0	10.0	20.0	45.0	69.0	97.0	320.0	749.0	2133.0	6507.0	2196.0	6414.0	21890.0	6573.0	15540.0	44982.0	208261.0	17386679.0
	15	16	17	18	19	20	21	22	23	24	25	26	27	28	29	30	31	32	33	34	35	36	37	38	39	40	41	42	43	44	45	46	47	48	49	50	51
trimmed | H3K9me3_Endo_rep2	378.0	408.0	479.0	463.0	488.0	546.0	673.0	705.0	909.0	990.0	1272.0	1162.0	1251.0	1247.0	1580.0	1651.0	1717.0	1874.0	2334.0	2566.0	4363.0	4886.0	5668.0	6709.0	7880.0	9782.0	11989.0	15174.0	17422.0	20901.0	33274.0	64445.0	165855.0	556221.0	1830876.0	7170286.0	16375312.0
	15	16	17	18	19	20	21	22	23	24	25	26	27	28	29	30	31	32	33	34	35	36	37	38	39	40	41	42	43	44	45	46	47	48	49	50	51
trimmed | H3K9me3_Endo_rep3	7307.0	7559.0	8137.0	8066.0	7891.0	8697.0	9490.0	8917.0	10345.0	8878.0	10441.0	9259.0	9219.0	9100.0	9968.0	10282.0	9644.0	9635.0	10102.0	10725.0	15425.0	15100.0	15716.0	17663.0	17733.0	19085.0	20310.0	20743.0	25376.0	25830.0	33064.0	39717.0	56626.0	100448.0	230303.0	668434.0	1447444.0
	15	16	17	18	19	20	21	22	23	24	25	26	27	28	29	30	31	32	33	34	35	36	37	38	39	40	41	42	43	44	45	46	47	48	49	50
trimmed | H3K9me3_Mesecto_rep1	355.0	437.0	459.0	680.0	551.0	751.0	817.0	962.0	917.0	1146.0	945.0	1106.0	1022.0	1189.0	1198.0	1246.0	1286.0	1437.0	1460.0	1591.0	1724.0	1995.0	2228.0	2539.0	2941.0	3504.0	4520.0	6780.0	5265.0	7087.0	19143.0	7397.0	16092.0	39559.0	158421.0	13527589.0
	15	16	17	18	19	20	21	22	23	24	25	26	27	28	29	30	31	32	33	34	35	36	37	38	39	40	41	42	43	44	45	46	47	48	49	50	51
trimmed | H3K9me3_Mesecto_rep2	828.0	847.0	889.0	955.0	927.0	1155.0	1202.0	1272.0	1591.0	1624.0	2033.0	1873.0	1832.0	2029.0	2159.0	2393.0	2504.0	2671.0	3124.0	3752.0	6641.0	7338.0	8175.0	9580.0	11039.0	13230.0	15968.0	19349.0	21388.0	25393.0	38137.0	69444.0	166865.0	550746.0	1807759.0	6843552.0	15856448.0
	15	16	17	18	19	20	21	22	23	24	25	26	27	28	29	30	31	32	33	34	35	36	37	38	39	40	41	42	43	44	45	46	47	48	49	50	51
trimmed | H3K9me3_Mesecto_rep3	19199.0	19633.0	20629.0	21002.0	19565.0	22042.0	23015.0	22689.0	23869.0	22517.0	24046.0	22425.0	21430.0	22865.0	23338.0	24827.0	22956.0	22307.0	23427.0	24871.0	33001.0	33083.0	33817.0	37063.0	36964.0	40803.0	42111.0	42783.0	50031.0	51445.0	63648.0	75925.0	97656.0	154802.0	307444.0	782478.0	1593755.0
	15	16	17	18	19	20	21	22	23	24	25	26	27	28	29	30	31	32	33	34	35	36	37	38	39	40	41	42	43	44	45	46	47	48	49	50	51
trimmed | Input_Endo_rep1	6.0	19.0	13.0	10.0	7.0	6.0	4.0	4.0	13.0	30.0	15.0	12.0	10.0	9.0	12.0	16.0	10.0	17.0	40.0	58.0	1153.0	1390.0	1589.0	1948.0	2538.0	3396.0	4800.0	6908.0	7392.0	7637.0	12785.0	32252.0	111219.0	401466.0	1334057.0	5700548.0	12178634.0
	15	16	17	18	19	20	21	22	23	24	25	26	27	28	29	30	31	32	33	34	35	36	37	38	39	40	41	42	43	44	45	46	47	48	49	50	51
trimmed | Input_Endo_rep2	298.0	292.0	336.0	376.0	319.0	395.0	424.0	470.0	578.0	591.0	733.0	715.0	758.0	849.0	912.0	1021.0	1052.0	1160.0	1339.0	1503.0	3748.0	4231.0	5071.0	6085.0	7056.0	8526.0	10838.0	13373.0	14852.0	17451.0	25961.0	50076.0	132490.0	441775.0	1428043.0	5833960.0	12917918.0
	15	16	17	18	19	20	21	22	23	24	25	26	27	28	29	30	31	32	33	34	35	36	37	38	39	40	41	42	43	44	45	46	47	48	49	50	51
trimmed | Input_Endo_rep3	1622.0	1660.0	1807.0	1836.0	1641.0	1928.0	1980.0	2073.0	2189.0	2214.0	2354.0	2293.0	2272.0	2357.0	2564.0	2687.0	2597.0	2662.0	2925.0	3251.0	5082.0	5119.0	5823.0	6268.0	6794.0	7763.0	8868.0	9501.0	11707.0	14088.0	20200.0	45332.0	148357.0	508624.0	1675231.0	6973518.0	15355534.0
	15	16	17	18	19	20	21	22	23	24	25	26	27	28	29	30	31	32	33	34	35	36	37	38	39	40	41	42	43	44	45	46	47	48	49	50	51
trimmed | Input_Mesecto_rep1	1.0	0.0	1.0	0.0	1.0	1.0	0.0	0.0	0.0	0.0	0.0	1.0	3.0	2.0	2.0	5.0	3.0	8.0	16.0	24.0	163.0	283.0	272.0	352.0	686.0	1077.0	1906.0	2936.0	3702.0	3395.0	5439.0	28156.0	131282.0	495069.0	1681527.0	7235828.0	15598677.0
	15	16	17	18	19	20	21	22	23	24	25	26	27	28	29	30	31	32	33	34	35	36	37	38	39	40	41	42	43	44	45	46	47	48	49	50	51
trimmed | Input_Mesecto_rep2	22146.0	22673.0	24111.0	24448.0	22729.0	25535.0	26594.0	26078.0	27092.0	25536.0	26734.0	25521.0	24452.0	25575.0	26825.0	27454.0	25304.0	25054.0	25356.0	26668.0	30185.0	29659.0	30216.0	34047.0	32780.0	36709.0	37085.0	38150.0	45063.0	46301.0	57661.0	72440.0	104596.0	204497.0	500865.0	1650536.0	3465221.0
	15	16	17	18	19	20	21	22	23	24	25	26	27	28	29	30	31	32	33	34	35	36	37	38	39	40	41	42	43	44	45	46	47	48	49	50	51
trimmed | Input_Mesecto_rep3	15875.0	16670.0	17837.0	18119.0	16702.0	18915.0	20067.0	19152.0	20338.0	19228.0	20113.0	19288.0	18585.0	19634.0	20412.0	21245.0	19647.0	19643.0	20015.0	21243.0	27772.0	27319.0	27900.0	30790.0	30446.0	33062.0	34274.0	34928.0	40699.0	42052.0	50054.0	61255.0	85440.0	151382.0	334803.0	1091454.0	2159665.0
	35	36	37	38	39	40	41	42	43	44	45	46	47	48	49	50	51
untrimmed | H2AH4SerP_Endo_rep2	1579982.0	5058.0	2217.0	3942.0	2673.0	4274.0	4567.0	3813.0	5106.0	6364.0	8481.0	44508.0	204821.0	831407.0	2946927.0	12273220.0	34694283.0
	35	36	37	38	39	40	41	42	43	44	45	46	47	48	49	50	51
untrimmed | H2AH4SerP_Endo_rep3	44975.0	3378.0	3780.0	4078.0	4890.0	5943.0	6871.0	6798.0	8087.0	9303.0	11593.0	32976.0	126543.0	485853.0	1743068.0	6980132.0	16958970.0
	35	36	37	38	39	40	41	42	43	44	45	46	47	48	49	50	51
untrimmed | H2AH4SerP_Mesecto_rep2	189945.0	821.0	483.0	686.0	617.0	867.0	851.0	754.0	947.0	1185.0	1979.0	12836.0	62696.0	256429.0	910528.0	3772590.0	13260749.0
	35	36	37	38	39	40	41	42	43	44	45	46	47	48	49	50	51
untrimmed | H2AH4SerP_Mesecto_rep3	86360.0	453.0	457.0	372.0	480.0	470.0	540.0	325.0	360.0	506.0	912.0	5270.0	21548.0	93695.0	378543.0	1345306.0	6089069.0
	35	36	37	38	39	40	41	42	43	44	45	46	47	48	49	50	51
untrimmed | H2AUb_Endo_rep2	10324.0	1344.0	1716.0	2044.0	2460.0	3167.0	4112.0	4382.0	5055.0	5927.0	7739.0	24379.0	92632.0	358234.0	1261469.0	5120084.0	12480695.0
	35	36	37	38	39	40	41	42	43	44	45	46	47	48	49	50	51
untrimmed | H2AUb_Endo_rep3	26060.0	1795.0	2109.0	2463.0	3041.0	3837.0	4733.0	4884.0	5362.0	6430.0	9011.0	41185.0	178585.0	716510.0	2617798.0	10245129.0	25898077.0
	35	36	37	38	39	40	41	42	43	44	45	46	47	48	49	50	51
untrimmed | H2AUb_Mesecto_rep2	30998.0	3528.0	4542.0	5464.0	7268.0	9083.0	11323.0	12547.0	15128.0	17860.0	21472.0	53734.0	184786.0	707638.0	2516133.0	9641411.0	24068968.0
	35	36	37	38	39	40	41	42	43	44	45	46	47	48	49	50	51
untrimmed | H2AUb_Mesecto_rep3	200455.0	3504.0	4070.0	3634.0	3950.0	4073.0	4837.0	3729.0	4363.0	4744.0	6419.0	30711.0	138535.0	572223.0	2080872.0	8173936.0	20935136.0
	35	36	37	38	39	40	41	42	43	44	45	46	47	48	49	50	51
untrimmed | H2Ax3_Endo_rep2	7882.0	66.0	89.0	91.0	130.0	230.0	328.0	229.0	262.0	489.0	891.0	9684.0	49562.0	202034.0	707036.0	3003689.0	7063597.0
	35	36	37	38	39	40	41	42	43	44	45	46	47	48	49	50	51
untrimmed | H2Ax3_Endo_rep3	50490.0	1659.0	1785.0	1778.0	2012.0	2256.0	2779.0	1813.0	2192.0	3208.0	6133.0	31916.0	129702.0	543700.0	2063561.0	7714210.0	21959229.0
	35	36	37	38	39	40	41	42	43	44	45	46	47	48	49	50	51
untrimmed | H2Ax3_Mesecto_rep2	27707.0	3786.0	4671.0	5774.0	7165.0	9542.0	11385.0	12575.0	14946.0	17279.0	21825.0	63544.0	228612.0	892054.0	3112890.0	12503350.0	30619045.0
	35	36	37	38	39	40	41	42	43	44	45	46	47	48	49	50	51
untrimmed | H2Ax3_Mesecto_rep3	133044.0	3970.0	4530.0	3835.0	4275.0	4218.0	4972.0	3348.0	4265.0	4437.0	7353.0	27779.0	102434.0	442683.0	1761836.0	6471357.0	19610378.0
	35	36	37	38	39	40	41	42	43	44	45	46	47	48	49	50	51
untrimmed | H3K27ac_Endo_rep1	2365.0	205.0	225.0	300.0	471.0	842.0	1254.0	1243.0	982.0	1467.0	2468.0	19544.0	102645.0	415093.0	1451407.0	6415557.0	14560031.0
	35	36	37	38	39	40	41	42	43	44	45	46	47	48	49	50	51
untrimmed | H3K27ac_Endo_rep2	39988.0	7036.0	8385.0	9782.0	11797.0	13882.0	16533.0	17130.0	19602.0	22360.0	27393.0	66736.0	232746.0	876138.0	3074982.0	12477137.0	31388115.0
	35	36	37	38	39	40	41	42	43	44	45	46	47	48	49	50	51
untrimmed | H3K27ac_Endo_rep3	28181.0	4772.0	6107.0	7134.0	8743.0	10356.0	11921.0	13179.0	15206.0	18033.0	23051.0	62693.0	227069.0	887247.0	3172381.0	12742467.0	31436671.0
	50
untrimmed | H3K27ac_Mesecto_rep1	39865458.0
	35	36	37	38	39	40	41	42	43	44	45	46	47	48	49	50	51
untrimmed | H3K27ac_Mesecto_rep2	10584.0	656.0	853.0	1022.0	1353.0	1556.0	2095.0	1555.0	2061.0	2686.0	4961.0	41531.0	206259.0	861237.0	3049533.0	12551263.0	29656473.0
	35	36	37	38	39	40	41	42	43	44	45	46	47	48	49	50	51
untrimmed | H3K27ac_Mesecto_rep3	240591.0	6929.0	8556.0	6916.0	7744.0	7710.0	8600.0	6981.0	8733.0	9297.0	12160.0	28712.0	85327.0	376156.0	1625824.0	5266392.0	18645341.0
	35	36	37	38	39	40	41	42	43	44	45	46	47	48	49	50	51
untrimmed | H3K27me3_Endo_rep1	9500.0	840.0	1023.0	1097.0	1485.0	1942.0	2536.0	2669.0	2488.0	3550.0	7019.0	34973.0	155159.0	629511.0	2275737.0	9208662.0	23883102.0
	35	36	37	38	39	40	41	42	43	44	45	46	47	48	49	50	51
untrimmed | H3K27me3_Endo_rep2	1236.0	60.0	74.0	84.0	127.0	209.0	324.0	195.0	202.0	371.0	1301.0	11811.0	63047.0	260404.0	906442.0	3847546.0	8943232.0
	35	36	37	38	39	40	41	42	43	44	45	46	47	48	49	50	51
untrimmed | H3K27me3_Endo_rep3	20152.0	3511.0	3906.0	4813.0	5560.0	7047.0	7707.0	7740.0	9027.0	11033.0	13071.0	34353.0	124378.0	475721.0	1675850.0	6771617.0	16876982.0
	50
untrimmed | H3K27me3_Mesecto_rep1	45916807.0
	35	36	37	38	39	40	41	42	43	44	45	46	47	48	49	50	51
untrimmed | H3K27me3_Mesecto_rep2	16123.0	1129.0	1377.0	1469.0	1857.0	2146.0	2942.0	2898.0	3423.0	4111.0	6292.0	32083.0	155702.0	629901.0	2165105.0	9178073.0	21223730.0
	35	36	37	38	39	40	41	42	43	44	45	46	47	48	49	50	51
untrimmed | H3K27me3_Mesecto_rep3	75853.0	4570.0	5234.0	5530.0	6715.0	6986.0	8109.0	8157.0	9514.0	11356.0	14411.0	27942.0	78748.0	309972.0	1256445.0	4142393.0	13547450.0
	35	36	37	38	39	40	41	42	43	44	45	46	47	48	49	50	51
untrimmed | H3K36me3_Endo_rep1	10127.0	500.0	576.0	673.0	862.0	1199.0	1626.0	1676.0	1608.0	2222.0	3791.0	27880.0	127816.0	520243.0	1911362.0	7778186.0	19950224.0
	35	36	37	38	39	40	41	42	43	44	45	46	47	48	49	50	51
untrimmed | H3K36me3_Endo_rep2	9770.0	884.0	1337.0	1602.0	1799.0	2082.0	2469.0	2228.0	2742.0	3313.0	5404.0	26014.0	115194.0	453156.0	1574959.0	6499865.0	15315442.0
	35	36	37	38	39	40	41	42	43	44	45	46	47	48	49	50	51
untrimmed | H3K36me3_Endo_rep3	11846.0	552.0	517.0	526.0	638.0	751.0	939.0	547.0	580.0	1172.0	2840.0	13964.0	57119.0	236465.0	979743.0	3476348.0	11225132.0
	50
untrimmed | H3K36me3_Mesecto_rep1	48561007.0
	35	36	37	38	39	40	41	42	43	44	45	46	47	48	49	50	51
untrimmed | H3K36me3_Mesecto_rep2	87860.0	2688.0	3267.0	2572.0	2886.0	3464.0	3205.0	2720.0	2999.0	4335.0	3792.0	10081.0	39278.0	146799.0	514700.0	2037544.0	5069769.0
	35	36	37	38	39	40	41	42	43	44	45	46	47	48	49	50	51
untrimmed | H3K36me3_Mesecto_rep3	87340.0	2703.0	2528.0	2493.0	2498.0	3320.0	3204.0	2029.0	2249.0	3777.0	5947.0	38866.0	167282.0	699107.0	2656879.0	9595171.0	31539455.0
	50
untrimmed | H3K4me1_Endo_rep1	33180352.0
	50
untrimmed | H3K4me1_Mesecto_rep1	29902545.0
	50
untrimmed | H3K4me2_Endo_rep1	36851522.0
	50
untrimmed | H3K4me2_Mesecto_rep1	51649948.0
	50
untrimmed | H3K4me3_Endo_rep1	39704287.0
	35	36	37	38	39	40	41	42	43	44	45	46	47	48	49	50	51
untrimmed | H3K4me3_Endo_rep2	8924.0	248.0	323.0	367.0	428.0	514.0	916.0	570.0	769.0	1074.0	2052.0	12848.0	60705.0	273422.0	1019792.0	3872899.0	10611607.0
	35	36	37	38	39	40	41	42	43	44	45	46	47	48	49	50	51
untrimmed | H3K4me3_Endo_rep3	19712.0	465.0	770.0	512.0	642.0	835.0	1588.0	700.0	1001.0	1892.0	4762.0	30736.0	136099.0	685962.0	2681672.0	9076216.0	26933078.0
	50
untrimmed | H3K4me3_Mesecto_rep1	34056987.0
	35	36	37	38	39	40	41	42	43	44	45	46	47	48	49	50	51
untrimmed | H3K4me3_Mesecto_rep2	48777.0	5275.0	7030.0	8333.0	10505.0	12164.0	15908.0	17101.0	19296.0	23016.0	29162.0	77295.0	275706.0	1183900.0	4373006.0	15926421.0	41921444.0
	35	36	37	38	39	40	41	42	43	44	45	46	47	48	49	50	51
untrimmed | H3K4me3_Mesecto_rep3	124146.0	8905.0	9616.0	11513.0	13465.0	15673.0	19268.0	17553.0	21561.0	25257.0	35548.0	98120.0	364166.0	1746851.0	6757161.0	22507751.0	69259983.0
	35	36	37	38	39	40	41	42	43	44	45	46	47	48	49	50	51
untrimmed | H3K79me3_Endo_rep1	5307.0	598.0	597.0	738.0	1149.0	1477.0	2311.0	2225.0	2092.0	3227.0	5119.0	30560.0	147028.0	586762.0	2081645.0	8890187.0	23534051.0
	50
untrimmed | H3K79me3_Mesecto_rep1	44973754.0
	50
untrimmed | H3K9me3_Endo_rep1	39805043.0
	35	36	37	38	39	40	41	42	43	44	45	46	47	48	49	50	51
untrimmed | H3K9me3_Endo_rep2	58127.0	2514.0	3048.0	3610.0	4288.0	5313.0	6840.0	6619.0	8410.0	10048.0	14741.0	61001.0	257364.0	1055699.0	3829807.0	14958200.0	37592151.0
	35	36	37	38	39	40	41	42	43	44	45	46	47	48	49	50	51
untrimmed | H3K9me3_Endo_rep3	843891.0	9106.0	10873.0	9800.0	10856.0	10547.0	11187.0	9644.0	10553.0	11117.0	12139.0	25375.0	82690.0	333961.0	1250629.0	4593156.0	15104345.0
	50
untrimmed | H3K9me3_Mesecto_rep1	25042317.0
	35	36	37	38	39	40	41	42	43	44	45	46	47	48	49	50	51
untrimmed | H3K9me3_Mesecto_rep2	127495.0	5544.0	6079.0	7090.0	8159.0	9371.0	11562.0	11552.0	12671.0	14868.0	19230.0	66957.0	270468.0	1146368.0	4216920.0	15993318.0	42729645.0
	35	36	37	38	39	40	41	42	43	44	45	46	47	48	49	50	51
untrimmed | H3K9me3_Mesecto_rep3	380878.0	10433.0	13042.0	9628.0	11604.0	10714.0	12335.0	9419.0	11743.0	10475.0	10795.0	16112.0	41382.0	181438.0	714832.0	2458787.0	11133252.0
	35	36	37	38	39	40	41	42	43	44	45	46	47	48	49	50	51
untrimmed | Input_Endo_rep1	13191.0	1395.0	1673.0	1968.0	2449.0	3253.0	4135.0	4286.0	4485.0	5563.0	7167.0	30193.0	140989.0	541882.0	1862615.0	8297547.0	18536205.0
	35	36	37	38	39	40	41	42	43	44	45	46	47	48	49	50	51
untrimmed | Input_Endo_rep2	14556.0	2675.0	3181.0	3849.0	4525.0	5442.0	6966.0	7258.0	8244.0	9653.0	12302.0	44043.0	180243.0	710415.0	2494374.0	10091891.0	25052976.0
	35	36	37	38	39	40	41	42	43	44	45	46	47	48	49	50	51
untrimmed | Input_Endo_rep3	59210.0	1897.0	2367.0	1990.0	2423.0	2552.0	3228.0	2528.0	3036.0	3763.0	6180.0	39616.0	192689.0	773305.0	2728796.0	11435177.0	26592645.0
	35	36	37	38	39	40	41	42	43	44	45	46	47	48	49	50	51
untrimmed | Input_Mesecto_rep1	1182.0	190.0	254.0	323.0	521.0	950.0	1414.0	1492.0	1296.0	1696.0	2810.0	25991.0	136961.0	541568.0	1891547.0	8414998.0	18914922.0
	35	36	37	38	39	40	41	42	43	44	45	46	47	48	49	50	51
untrimmed | Input_Mesecto_rep2	39033.0	1486.0	1827.0	1603.0	1803.0	1812.0	2121.0	1717.0	1990.0	2125.0	2634.0	9708.0	39735.0	182088.0	666468.0	2688628.0	7610343.0
	35	36	37	38	39	40	41	42	43	44	45	46	47	48	49	50	51
untrimmed | Input_Mesecto_rep3	205560.0	7068.0	8031.0	7411.0	8322.0	7890.0	8744.0	7688.0	8272.0	8852.0	8730.0	20196.0	70752.0	275954.0	962259.0	4083787.0	10046990.0

